var0, var1, var2, var3, var4, var5, var6, var7, var8, var9, var10, var11, var12, var13, var14, var15, var16, var17, var18, var19, var20, var21, var22, var23, var24, var25, var26, var27, var28, var29, var30, var31, var32, var33, var34, var35, var36, var37, var38, var39, var40, var41, var42, var43, var44, var45, var46, var47, var48, var49, var50, var51, var52, var53, var54, var55, var56, var57, var58, var59, var60, var61, var62, var63, var64, var65, var66, var67, var68, var69, var70, var71, var72, var73, var74, var75, var76, var77, var78, var79, var80, var81, var82, var83, var84, var85, var86, var87, var88, var89, var90, var91, var92, var93, var94, var95, var96, var97, var98, var99, var100, var101, var102, var103, var104, var105, var106, var107, var108, var109, var110, var111, var112, var113, var114, var115, var116, var117, var118, var119, var120, var121, var122, var123, var124, var125, var126, var127, var128, var129, var130, var131, var132, var133, var134, var135, var136, var137, var138, var139, var140, var141, var142, var143, var144, var145, var146, var147, var148, var149, var150, var151, var152, var153, var154, var155, var156, var157, var158, var159, var160, var161, var162, var163, var164, var165, var166, var167, var168, var169, var170, var171, var172, var173, var174, var175, var176, var177, var178, var179, var180, var181, var182, var183, var184, var185, var186, var187, var188, var189, var190, var191, var192, var193, var194, var195, var196, var197, var198, var199, var200, var201, var202, var203, var204, var205, var206, var207, var208, var209, var210, var211, var212, var213, var214, var215, var216, var217, var218, var219, var220, var221, var222, var223, var224, var225, var226, var227, var228, var229, var230, var231, var232, var233, var234, var235, var236, var237, var238, var239, var240, var241, var242, var243, var244, var245, var246, var247, var248, var249, var250, var251, var252, var253, var254, var255, var256, var257, var258, var259, var260, var261, var262, var263, var264, var265, var266, var267, var268, var269, var270, var271, var272, var273, var274, var275, var276, var277, var278, var279, var280, var281, var282, var283, var284, var285, var286, var287, var288, var289, var290, var291, var292, var293, var294, var295, var296, var297, var298, var299, var300, var301, var302, var303, var304, var305, var306, var307, var308, var309, var310, var311, var312, var313, var314, var315, var316, var317, var318, var319, var320, var321, var322, var323, var324, var325, var326, var327, var328, var329, var330, var331, var332, var333, var334, var335, var336, var337, var338, var339, var340, var341, var342, var343, var344, var345, var346, var347, var348, var349, var350, var351, var352, var353, var354, var355, var356, var357, var358, var359, var360, var361, var362, var363, var364, var365, var366, var367, var368, var369, var370, var371, var372, var373, var374, var375, var376, var377, var378, var379, var380, var381, var382, var383, var384, var385, var386, var387, var388, var389, var390, var391, var392, var393, var394, var395, var396, var397, var398, var399, var400, var401, var402, var403, var404, var405, var406, var407, var408, var409, var410, var411, var412, var413, var414, var415, var416, var417, var418, var419, var420, var421, var422, var423, var424, var425, var426, var427, var428, var429, var430, var431, var432, var433, var434, var435, var436, var437, var438, var439, var440, var441, var442, var443, var444, var445, var446, var447, var448, var449, var450, var451, var452, var453, var454, var455, var456, var457, var458, var459, var460, var461, var462, var463, var464, var465, var466, var467, var468, var469, var470, var471, var472, var473, var474, var475, var476, var477, var478, var479, var480, var481, var482, var483, var484, var485, var486, var487, var488, var489, var490, var491, var492, var493, var494, var495, var496, var497, var498, var499, var500, var501, var502, var503, var504, var505, var506, var507, var508, var509, var510, var511, var512, var513, var514, var515, var516, var517, var518, var519, var520, var521, var522, var523, var524, var525, var526, var527, var528, var529, var530, var531, var532, var533, var534, var535, var536, var537, var538, var539, var540, var541, var542, var543, var544, var545, var546, var547, var548, var549, var550, var551, var552, var553, var554, var555, var556, var557, var558, var559, var560, var561, var562, var563, var564, var565, var566, var567, var568, var569, var570, var571, var572, var573, var574, var575, var576, var577, var578, var579, var580, var581, var582, var583, var584, var585, var586, var587, var588, var589, var590, var591, var592, var593, var594, var595, var596, var597, var598, var599, var600, var601, var602, var603, var604, var605, var606, var607, var608, var609, var610, var611, var612, var613, var614, var615, var616, var617, var618, var619, var620, var621, var622, var623, var624, var625, var626, var627, var628, var629, var630, var631, var632, var633, var634, var635, var636, var637, var638, var639, var640, var641, var642, var643, var644, var645, var646, var647, var648, var649, var650, var651, var652, var653, var654, var655, var656, var657, var658, var659, var660, var661, var662, var663, var664, var665, var666, var667, var668, var669, var670, var671, var672, var673, var674, var675, var676, var677, var678, var679, var680, var681, var682, var683, var684, var685, var686, var687, var688, var689, var690, var691, var692, var693, var694, var695, var696, var697, var698, var699, var700, var701, var702, var703, var704, var705, var706, var707, var708, var709, var710, var711, var712, var713, var714, var715, var716, var717, var718, var719, var720, var721, var722, var723, var724, var725, var726, var727, var728, var729, var730, var731, var732, var733, var734, var735, var736, var737, var738, var739, var740, var741, var742, var743, var744, var745, var746, var747, var748, var749, var750, var751, var752, var753, var754, var755, var756, var757, var758, var759, var760, var761, var762, var763, var764, var765, var766, var767, var768, var769, var770, var771, var772, var773, var774, var775, var776, var777, var778, var779, var780, var781, var782, var783, var784, var785, var786, var787, var788, var789, var790, var791, var792, var793, var794, var795, var796, var797, var798, var799, var800, var801, var802, var803, var804, var805, var806, var807, var808, var809, var810, var811, var812, var813, var814, var815, var816, var817, var818, var819, var820, var821, var822, var823, var824, var825, var826, var827, var828, var829, var830, var831, var832, var833, var834, var835, var836, var837, var838, var839, var840, var841, var842, var843, var844, var845, var846, var847, var848, var849, var850, var851, var852, var853, var854, var855, var856, var857, var858, var859, var860, var861, var862, var863, var864, var865, var866, var867, var868, var869, var870, var871, var872, var873, var874, var875, var876, var877, var878, var879, var880, var881, var882, var883, var884, var885, var886, var887, var888, var889, var890, var891, var892, var893, var894, var895, var896, var897, var898, var899, var900, var901, var902, var903, var904, var905, var906, var907, var908, var909, var910, var911, var912, var913, var914, var915, var916, var917, var918, var919, var920, var921, var922, var923, var924, var925, var926, var927, var928, var929, var930, var931, var932, var933, var934, var935, var936, var937, var938, var939, var940, var941, var942, var943, var944, var945, var946, var947, var948, var949, var950, var951, var952, var953, var954, var955, var956, var957, var958, var959, var960, var961, var962, var963, var964, var965, var966, var967, var968, var969, var970, var971, var972, var973, var974, var975, var976, var977, var978, var979, var980, var981, var982, var983, var984, var985, var986, var987, var988, var989, var990, var991, var992, var993, var994, var995, var996, var997, var998, var999, var1000, var1001, var1002, var1003, var1004, var1005, var1006, var1007, var1008, var1009, var1010, var1011, var1012, var1013, var1014, var1015, var1016, var1017, var1018, var1019, var1020, var1021, var1022, var1023,  name
23, 7, 48, 6, 12, 11, 41, 62, 40, 9, 9, 79, 3, 1, 7, 217, 11, 7, 1, 4, 7, 6, 33, 87, 6, 1, 1, 9, 4, 8, 14, 81, 4, 1, 16, 2, 7, 1, 2, 5, 26, 17, 11, 62, 7, 0, 21, 74, 0, 2, 2, 0, 5, 2, 1, 2, 2, 2, 5, 5, 2, 0, 4, 37, 23, 3, 15, 10, 6, 1, 14, 3, 2, 4, 4, 2, 3, 2, 5, 5, 9, 5, 0, 4, 11, 19, 26, 40, 13, 7, 18, 6, 1, 3, 1, 7, 17, 2, 7, 3, 15, 2, 5, 6, 93, 65, 0, 116, 4, 7, 7, 61, 11, 1, 1, 1, 14, 5, 4, 9, 2, 5, 0, 0, 2, 4, 13, 50, 2, 0, 2, 4, 1, 0, 4, 1, 2, 7, 3, 3, 3, 3, 4, 5, 6, 7, 3, 4, 3, 4, 17, 33, 5, 1, 0, 5, 3, 3, 1, 18, 0, 3, 1, 1, 2, 0, 5, 1, 2, 2, 2, 7, 2, 2, 0, 4, 2, 3, 4, 1, 5, 2, 8, 5, 1, 1, 2, 6, 2, 2, 5, 5, 29, 7, 1, 5, 1, 3, 0, 1, 1, 4, 3, 3, 2, 0, 2, 7, 19, 2, 0, 2, 48, 8, 23, 25, 8, 7, 1, 2, 3, 3, 7, 41, 20, 6, 3, 10, 3, 5, 7, 10, 1, 32, 2, 47, 7, 2, 14, 50, 22, 13, 3, 6, 2, 4, 4, 44, 9, 3, 1, 9, 2, 13, 39, 166, 82, 4, 7, 1, 32, 6, 50, 4, 1, 9, 7, 1, 1, 4, 25, 76, 25, 2, 13, 5, 53, 0, 151, 52, 6, 1, 3, 1, 5, 3, 4, 24, 21, 3, 1, 4, 0, 4, 3, 6, 0, 40, 13, 1, 8, 2, 4, 8, 4, 1, 1, 2, 3, 0, 15, 2, 0, 2, 1, 5, 2, 4, 4, 21, 12, 1, 5, 3, 6, 1, 12, 6, 1, 2, 1, 10, 2, 4, 2, 6, 14, 6, 3, 3, 14, 12, 22, 6, 7, 6, 11, 11, 4, 8, 4, 2, 10, 11, 7, 15, 10, 10, 8, 7, 68, 68, 0, 31, 3, 3, 11, 5, 9, 3, 4, 3, 13, 4, 11, 12, 3, 8, 2, 5, 2, 6, 1, 8, 16, 1, 5, 0, 3, 2, 3, 1, 2, 6, 2, 2, 7, 1, 2, 15, 22, 6, 19, 3, 17, 0, 141, 103, 1, 4, 0, 5, 6, 5, 12, 54, 2, 0, 3, 1, 0, 0, 2, 5, 6, 0, 0, 3, 1, 0, 0, 4, 2, 0, 2, 2, 4, 0, 1, 1, 2, 3, 2, 9, 1, 10, 8, 4, 35, 0, 14, 3, 6, 0, 8, 0, 5, 2, 6, 0, 1, 2, 3, 9, 70, 5, 9, 4, 107, 10, 185, 127, 8, 3, 1, 1, 3, 14, 8, 15, 34, 10, 5, 7, 1, 6, 15, 11, 21, 43, 4, 28, 18, 2, 9, 19, 2, 10, 5, 7, 63, 0, 83, 61, 25, 8, 4, 37, 17, 14, 39, 138, 81, 28, 33, 11, 37, 4, 27, 47, 36, 45, 7, 54, 1, 3, 7, 38, 22, 2, 8, 4, 38, 1, 66, 26, 2, 1, 2, 2, 14, 4, 2, 17, 14, 2, 6, 6, 2, 0, 4, 3, 25, 21, 2, 90, 1, 7, 5, 82, 0, 1, 1, 1, 2, 0, 9, 12, 9, 3, 1, 2, 6, 6, 3, 23, 41, 7, 16, 11, 8, 4, 16, 3, 23, 5, 15, 14, 14, 3, 2, 7, 11, 1, 3, 3, 18, 6, 3, 11, 2, 1, 1, 7, 3, 2, 8, 6, 19, 6, 4, 6, 2, 7, 12, 3, 45, 72, 1, 44, 6, 10, 4, 10, 24, 3, 4, 1, 1, 3, 9, 11, 0, 20, 2, 1, 3, 7, 6, 8, 17, 4, 1, 0, 5, 1, 5, 3, 3, 7, 1, 9, 1, 2, 1, 7, 19, 5, 3, 2, 31, 6, 96, 51, 3, 5, 3, 12, 8, 6, 9, 39, 1, 0, 0, 2, 0, 0, 0, 1, 7, 6, 3, 12, 1, 2, 0, 2, 7, 1, 1, 0, 0, 0, 4, 1, 7, 6, 3, 1, 9, 1, 3, 44, 24, 6, 12, 7, 2, 1, 5, 3, 4, 5, 1, 6, 1, 0, 3, 4, 54, 1, 10, 4, 8, 20, 66, 64, 1, 12, 1, 3, 5, 3, 3, 41, 4, 9, 12, 2, 3, 1, 5, 17, 15, 8, 0, 52, 6, 12, 13, 102, 18, 5, 6, 7, 31, 7, 35, 18, 9, 17, 3, 12, 15, 23, 4, 132, 51, 4, 24, 25, 15, 3, 34, 24, 25, 23, 10, 6, 12, 2, 6, 83, 33, 6, 16, 15, 22, 6, 131, 119, 9, 2, 3, 14, 7, 9, 13, 99, 18, 5, 4, 3, 4, 1, 4, 10, 2, 13, 10, 57, 2, 2, 5, 9, 1, 2, 1, 1, 6, 1, 3, 2, 4, 2, 1, 3, 5, 11, 8, 47, 10, 7, 1, 6, 5, 0, 10, 2, 2, 9, 0, 9, 2, 6, 9, 6, 6, 3, 11, 12, 2, 5, 7, 3, 9, 2, 3, 9, 2, 1, 1, 1, 20, 4, 1, 12, 12, 13, 2, 5, 59, 51, 6, 18, 15, 4, 10, 34, 6, 3, 4, 6, 11, 1, 2, 9, 16, 4, 7, 8, 1, 14, 2, 23, 28, 10, 5, 3, 1, 7, 7, 10, 5, 4, 4, 20, 1, 2, 1, 11, 15, 8, 12, 5, 49, 7, 50, 133, 5, 8, 1, 11, 10, 4, 12, 74, 1, 1, 0, 4, 0, 0, 2, 0, 1, 1, 0, 9, 2, 0, 0, 11, 7, 3, 3, 1, 4, 2, 2, 12, 3, 0, 0, 8, 2, 8, 16, 24, 15, 1, 2, 7, 5, 0, 5, 8, 8, 3, 2, 10, 1, 0, 1, 22, 4, 9, 9, 5, 10, 2, 13, 81, 4, 7, 1, 3, 5, 2, 7, 45, 1, 8, 1, 7, 0, 1, 8, 5, 19, 72, 0, 2, 3, 21, 1, 34, 10, 2, 5, 4, 12, 7, 43, 46, 3, 26, 3, 33, 28, 35, 5, 273, y
44, 4, 27, 5, 6, 7, 19, 100, 18, 3, 3, 41, 1, 11, 17, 217, 0, 1, 4, 3, 24, 11, 69, 126, 12, 8, 9, 6, 0, 9, 13, 112, 13, 2, 0, 2, 0, 4, 2, 6, 11, 20, 5, 62, 4, 3, 7, 98, 1, 2, 0, 1, 9, 1, 3, 9, 2, 2, 1, 11, 4, 3, 8, 31, 34, 2, 8, 9, 4, 2, 3, 3, 6, 1, 0, 18, 2, 4, 1, 1, 8, 1, 1, 3, 8, 1, 7, 2, 3, 5, 1, 3, 4, 6, 5, 6, 17, 7, 2, 6, 8, 6, 2, 5, 62, 57, 3, 78, 0, 8, 0, 68, 5, 2, 1, 2, 6, 5, 7, 11, 6, 3, 2, 8, 4, 5, 8, 24, 2, 1, 0, 5, 2, 2, 5, 3, 11, 6, 5, 3, 0, 3, 5, 14, 6, 0, 5, 4, 22, 5, 34, 57, 6, 2, 0, 3, 5, 6, 3, 24, 1, 0, 1, 1, 1, 0, 6, 2, 1, 3, 3, 6, 1, 0, 3, 4, 3, 1, 0, 2, 8, 0, 4, 2, 6, 0, 1, 6, 2, 7, 3, 13, 16, 8, 6, 0, 9, 1, 5, 3, 5, 1, 2, 1, 1, 0, 1, 3, 28, 1, 5, 5, 23, 16, 11, 66, 7, 1, 2, 7, 8, 11, 3, 39, 50, 4, 5, 7, 2, 6, 7, 0, 4, 20, 0, 44, 4, 1, 0, 39, 46, 3, 8, 2, 44, 4, 10, 69, 38, 21, 4, 37, 11, 15, 9, 93, 119, 5, 38, 16, 16, 8, 52, 54, 24, 1, 5, 9, 3, 3, 12, 134, 20, 3, 15, 10, 39, 2, 105, 34, 10, 2, 4, 8, 6, 9, 2, 63, 10, 1, 5, 2, 3, 3, 9, 4, 0, 0, 10, 7, 3, 3, 3, 34, 2, 0, 6, 1, 2, 1, 10, 3, 5, 2, 4, 1, 1, 1, 9, 31, 52, 7, 18, 3, 2, 0, 2, 3, 10, 3, 3, 10, 3, 4, 5, 3, 20, 4, 5, 6, 30, 3, 20, 15, 3, 4, 2, 6, 6, 14, 1, 10, 4, 4, 0, 7, 13, 2, 16, 1, 37, 78, 11, 38, 8, 3, 20, 19, 6, 2, 5, 3, 9, 5, 25, 14, 4, 3, 2, 0, 4, 4, 10, 11, 20, 2, 14, 10, 0, 1, 5, 0, 10, 3, 2, 5, 5, 1, 3, 4, 50, 1, 10, 8, 7, 5, 112, 20, 3, 2, 1, 5, 0, 2, 13, 35, 1, 2, 2, 0, 0, 0, 0, 2, 2, 0, 3, 5, 0, 0, 0, 2, 3, 0, 3, 0, 2, 2, 1, 6, 4, 2, 3, 9, 6, 0, 6, 32, 44, 0, 9, 7, 7, 0, 11, 10, 1, 5, 7, 6, 0, 0, 7, 17, 96, 4, 13, 19, 14, 8, 81, 152, 9, 7, 0, 3, 4, 6, 5, 18, 58, 6, 13, 11, 3, 6, 7, 15, 16, 11, 3, 24, 11, 2, 21, 17, 74, 6, 11, 15, 18, 1, 136, 103, 55, 7, 14, 23, 3, 25, 48, 189, 34, 0, 17, 36, 8, 4, 12, 47, 33, 36, 0, 76, 9, 1, 9, 93, 39, 2, 1, 3, 42, 3, 61, 3, 0, 10, 3, 7, 9, 1, 6, 72, 11, 5, 4, 6, 2, 1, 11, 1, 16, 48, 8, 81, 1, 3, 16, 73, 7, 0, 4, 2, 4, 0, 6, 5, 13, 13, 4, 10, 15, 3, 8, 52, 1, 6, 16, 10, 6, 1, 1, 6, 24, 1, 4, 22, 2, 5, 1, 1, 3, 7, 2, 4, 7, 7, 4, 4, 0, 4, 2, 7, 7, 2, 6, 1, 3, 1, 8, 2, 6, 5, 0, 4, 45, 4, 1, 15, 4, 6, 1, 34, 9, 2, 6, 2, 8, 1, 4, 2, 8, 11, 6, 2, 3, 1, 14, 26, 9, 4, 4, 2, 3, 1, 1, 9, 2, 0, 2, 1, 5, 0, 4, 5, 29, 0, 7, 5, 9, 0, 11, 34, 10, 7, 3, 1, 0, 3, 5, 35, 7, 1, 1, 0, 1, 0, 0, 1, 3, 1, 0, 2, 1, 0, 2, 0, 4, 1, 1, 0, 3, 0, 4, 5, 13, 7, 2, 3, 6, 8, 11, 37, 43, 0, 6, 7, 0, 1, 5, 3, 12, 3, 1, 10, 0, 1, 1, 3, 47, 5, 15, 1, 36, 4, 15, 29, 5, 3, 1, 15, 3, 2, 6, 21, 10, 7, 6, 4, 2, 3, 2, 8, 49, 31, 2, 37, 8, 7, 6, 56, 39, 2, 14, 14, 94, 11, 18, 33, 20, 37, 2, 10, 35, 26, 13, 67, 11, 28, 23, 0, 13, 0, 18, 40, 18, 3, 7, 3, 7, 1, 11, 127, 53, 3, 23, 6, 5, 8, 128, 185, 4, 9, 0, 10, 4, 1, 18, 109, 3, 5, 5, 2, 4, 2, 0, 1, 3, 15, 6, 62, 3, 6, 12, 24, 3, 1, 3, 1, 0, 2, 5, 1, 1, 5, 3, 5, 4, 2, 0, 33, 3, 3, 13, 2, 14, 1, 1, 3, 2, 11, 1, 1, 1, 8, 8, 4, 3, 1, 4, 9, 3, 0, 22, 7, 1, 22, 9, 1, 18, 6, 4, 5, 3, 3, 3, 2, 5, 1, 3, 8, 11, 4, 0, 29, 2, 3, 5, 48, 9, 1, 1, 6, 9, 0, 5, 12, 15, 7, 6, 4, 4, 0, 3, 19, 11, 4, 13, 2, 0, 2, 0, 4, 1, 1, 2, 4, 3, 0, 0, 4, 4, 4, 2, 0, 60, 1, 87, 86, 7, 2, 4, 6, 3, 5, 4, 59, 1, 0, 2, 4, 1, 0, 2, 0, 0, 1, 0, 4, 1, 1, 1, 8, 3, 2, 0, 1, 3, 2, 10, 2, 4, 5, 2, 1, 3, 3, 1, 0, 16, 1, 3, 6, 5, 0, 17, 5, 1, 4, 3, 6, 0, 3, 0, 10, 16, 6, 22, 18, 76, 13, 80, 146, 11, 16, 3, 13, 1, 0, 20, 56, 6, 9, 4, 9, 2, 1, 7, 2, 58, 38, 2, 17, 2, 8, 6, 1, 41, 8, 8, 2, 12, 10, 63, 70, 11, 4, 2, 15, 22, 20, 15, 271, y
132, 16, 8, 47, 11, 13, 35, 63, 41, 37, 15, 53, 6, 7, 9, 1, 11, 9, 10, 14, 8, 1, 67, 98, 0, 6, 2, 7, 5, 10, 2, 150, 2, 1, 3, 1, 1, 2, 10, 11, 15, 59, 7, 25, 2, 8, 8, 36, 0, 3, 1, 0, 2, 0, 6, 17, 12, 4, 2, 7, 3, 3, 4, 39, 11, 6, 2, 2, 2, 1, 3, 5, 2, 4, 5, 24, 4, 5, 5, 9, 7, 3, 2, 4, 1, 5, 4, 9, 2, 2, 1, 2, 6, 6, 3, 15, 24, 1, 15, 1, 9, 3, 4, 7, 31, 23, 12, 69, 10, 9, 0, 82, 4, 2, 2, 2, 6, 6, 1, 9, 1, 6, 1, 9, 1, 1, 2, 32, 4, 1, 3, 4, 2, 1, 1, 8, 3, 9, 6, 6, 2, 4, 3, 16, 8, 2, 7, 7, 15, 7, 27, 56, 1, 9, 1, 13, 2, 1, 10, 60, 0, 0, 2, 0, 2, 2, 3, 1, 3, 2, 1, 15, 2, 1, 3, 3, 6, 2, 1, 1, 5, 1, 9, 5, 5, 3, 1, 7, 5, 3, 5, 64, 13, 9, 5, 1, 3, 1, 5, 9, 4, 6, 5, 1, 2, 2, 0, 9, 89, 5, 4, 8, 131, 10, 2, 28, 10, 1, 1, 1, 1, 4, 9, 47, 0, 0, 6, 1, 2, 5, 6, 1, 6, 20, 6, 29, 6, 2, 11, 45, 75, 4, 5, 4, 108, 2, 1, 28, 19, 65, 0, 9, 1, 11, 3, 271, 82, 3, 85, 55, 7, 7, 51, 98, 32, 19, 8, 48, 3, 1, 11, 112, 42, 3, 14, 2, 15, 8, 44, 34, 2, 0, 4, 2, 0, 0, 12, 97, 3, 2, 3, 8, 0, 1, 1, 1, 3, 31, 6, 51, 5, 1, 3, 46, 4, 0, 1, 1, 7, 2, 2, 9, 1, 2, 4, 3, 7, 8, 2, 28, 32, 0, 14, 15, 7, 2, 15, 18, 7, 5, 5, 10, 1, 4, 5, 20, 1, 8, 12, 10, 3, 16, 16, 19, 11, 9, 11, 11, 3, 15, 3, 24, 23, 1, 6, 1, 8, 2, 0, 5, 17, 25, 3, 68, 8, 4, 2, 58, 3, 2, 1, 3, 5, 3, 2, 0, 1, 3, 1, 3, 3, 8, 2, 29, 5, 3, 1, 8, 1, 2, 4, 10, 8, 9, 1, 1, 4, 4, 0, 6, 6, 2, 1, 4, 28, 5, 33, 33, 3, 6, 2, 4, 7, 4, 1, 9, 1, 5, 0, 2, 1, 3, 1, 2, 2, 3, 1, 9, 1, 1, 2, 3, 2, 0, 2, 1, 1, 1, 6, 2, 3, 2, 2, 7, 1, 4, 4, 45, 6, 8, 12, 5, 6, 2, 6, 0, 5, 2, 3, 4, 5, 5, 4, 6, 41, 2, 7, 7, 19, 4, 93, 61, 4, 1, 0, 7, 5, 2, 4, 59, 5, 0, 5, 2, 2, 6, 2, 8, 111, 63, 4, 28, 11, 5, 4, 18, 30, 4, 9, 3, 9, 0, 34, 58, 53, 5, 1, 13, 0, 1, 8, 142, 136, 17, 33, 21, 7, 1, 28, 4, 27, 6, 1, 42, 6, 2, 4, 124, 45, 6, 13, 10, 15, 4, 3, 104, 19, 2, 3, 0, 5, 6, 0, 3, 8, 4, 4, 3, 3, 1, 3, 9, 20, 39, 6, 151, 5, 5, 5, 47, 2, 2, 1, 3, 3, 2, 5, 8, 14, 1, 3, 2, 1, 2, 10, 23, 51, 10, 0, 3, 0, 4, 1, 8, 5, 10, 4, 6, 2, 0, 0, 3, 7, 5, 4, 8, 3, 6, 5, 0, 6, 3, 3, 2, 3, 4, 5, 3, 31, 6, 13, 7, 5, 6, 3, 2, 14, 24, 5, 26, 13, 16, 17, 23, 19, 0, 5, 4, 8, 3, 5, 10, 5, 15, 1, 2, 10, 6, 3, 28, 26, 7, 5, 6, 0, 1, 4, 6, 4, 9, 3, 13, 2, 1, 3, 12, 25, 4, 5, 11, 5, 4, 2, 33, 2, 3, 1, 9, 9, 3, 7, 32, 1, 0, 0, 1, 1, 0, 0, 0, 7, 0, 1, 6, 0, 3, 3, 5, 4, 1, 0, 1, 3, 0, 7, 4, 12, 2, 4, 6, 1, 4, 15, 28, 1, 7, 1, 5, 0, 0, 0, 9, 13, 20, 0, 7, 0, 1, 1, 12, 24, 8, 5, 23, 83, 3, 21, 44, 19, 6, 0, 10, 4, 0, 2, 10, 36, 10, 8, 0, 11, 1, 5, 6, 66, 79, 9, 26, 10, 9, 5, 29, 17, 14, 2, 18, 22, 2, 68, 70, 53, 14, 11, 43, 39, 46, 40, 309, 92, 20, 34, 13, 7, 3, 19, 47, 17, 17, 2, 3, 7, 1, 2, 148, 27, 4, 1, 11, 31, 6, 11, 97, 3, 13, 2, 3, 1, 3, 8, 63, 1, 7, 8, 3, 0, 0, 3, 3, 10, 30, 5, 91, 2, 8, 12, 1, 2, 1, 3, 0, 6, 3, 1, 5, 7, 7, 1, 8, 7, 2, 4, 13, 44, 4, 16, 4, 14, 1, 12, 7, 10, 8, 0, 6, 1, 4, 10, 11, 21, 2, 11, 11, 11, 5, 15, 9, 8, 1, 3, 1, 2, 3, 1, 2, 21, 3, 0, 1, 1, 1, 4, 3, 16, 62, 2, 91, 8, 7, 3, 11, 2, 1, 3, 5, 13, 4, 3, 5, 7, 9, 2, 3, 11, 0, 12, 35, 13, 8, 9, 1, 0, 3, 3, 1, 3, 5, 2, 7, 3, 1, 3, 3, 29, 0, 4, 12, 10, 5, 87, 5, 3, 0, 0, 5, 3, 1, 5, 14, 1, 0, 3, 2, 1, 0, 1, 0, 2, 6, 1, 0, 0, 0, 0, 0, 0, 2, 0, 2, 5, 2, 4, 4, 2, 5, 0, 4, 1, 1, 2, 42, 14, 5, 16, 4, 1, 1, 1, 1, 7, 5, 0, 11, 1, 1, 1, 2, 73, 13, 5, 8, 68, 5, 142, 18, 8, 7, 1, 8, 15, 4, 0, 32, 37, 7, 4, 13, 3, 2, 14, 7, 173, 36, 6, 61, 4, 13, 4, 70, 69, 1, 2, 9, 62, 10, 73, 57, 47, 20, 1, 21, 49, 15, 57, 249, y
22, 4, 45, 20, 12, 7, 17, 1, 7, 5, 2, 69, 7, 10, 4, 109, 26, 3, 2, 8, 13, 6, 47, 68, 0, 0, 1, 2, 8, 11, 4, 71, 11, 3, 2, 5, 2, 0, 9, 4, 28, 29, 0, 39, 4, 2, 0, 93, 9, 0, 1, 0, 7, 1, 2, 12, 3, 3, 2, 6, 2, 2, 2, 26, 9, 5, 17, 7, 2, 0, 2, 6, 10, 1, 1, 9, 3, 4, 0, 2, 3, 1, 1, 5, 12, 3, 11, 6, 10, 5, 4, 2, 3, 0, 7, 3, 22, 16, 7, 11, 0, 4, 3, 11, 80, 128, 4, 79, 1, 6, 9, 14, 14, 1, 2, 3, 4, 7, 2, 2, 5, 8, 1, 1, 4, 6, 4, 9, 1, 6, 3, 1, 3, 2, 4, 3, 12, 10, 4, 6, 3, 4, 5, 13, 6, 6, 7, 5, 12, 2, 36, 60, 0, 4, 2, 1, 2, 6, 2, 18, 2, 1, 2, 1, 1, 0, 5, 0, 4, 4, 2, 7, 1, 2, 0, 7, 3, 3, 1, 0, 7, 0, 2, 7, 1, 8, 0, 7, 0, 5, 0, 9, 11, 1, 5, 0, 3, 1, 8, 1, 1, 7, 5, 7, 2, 1, 1, 10, 6, 6, 8, 7, 82, 8, 27, 21, 1, 2, 2, 6, 3, 4, 3, 10, 2, 2, 0, 0, 2, 6, 9, 6, 57, 64, 3, 19, 7, 3, 5, 28, 134, 6, 1, 5, 61, 1, 17, 5, 17, 25, 1, 25, 2, 40, 13, 135, 25, 9, 17, 10, 10, 5, 10, 80, 32, 19, 3, 4, 2, 6, 9, 35, 4, 1, 1, 10, 3, 5, 41, 117, 3, 4, 3, 6, 1, 7, 3, 62, 14, 3, 1, 9, 0, 0, 6, 4, 1, 28, 7, 34, 7, 5, 7, 21, 4, 1, 2, 3, 11, 2, 1, 1, 1, 2, 5, 0, 8, 1, 2, 2, 16, 0, 8, 10, 4, 1, 4, 0, 5, 2, 6, 8, 15, 3, 6, 12, 19, 5, 5, 1, 10, 5, 6, 12, 9, 9, 8, 11, 0, 16, 1, 11, 14, 4, 1, 1, 4, 1, 8, 0, 2, 37, 1, 63, 4, 3, 7, 19, 4, 3, 0, 0, 0, 0, 9, 7, 6, 5, 0, 3, 0, 7, 2, 0, 1, 3, 3, 6, 1, 0, 1, 5, 0, 7, 0, 4, 7, 3, 3, 4, 41, 9, 2, 8, 19, 5, 41, 77, 10, 2, 3, 8, 2, 3, 8, 3, 0, 0, 0, 0, 1, 0, 0, 1, 2, 0, 1, 0, 1, 2, 0, 0, 1, 0, 0, 0, 0, 1, 8, 3, 1, 5, 1, 8, 2, 2, 0, 20, 3, 9, 4, 2, 8, 1, 5, 4, 5, 3, 1, 3, 2, 7, 1, 14, 55, 1, 5, 5, 45, 4, 66, 7, 18, 4, 2, 7, 8, 3, 1, 6, 9, 5, 3, 13, 5, 7, 6, 10, 48, 22, 2, 25, 15, 0, 3, 28, 10, 7, 1, 5, 53, 6, 33, 18, 12, 9, 3, 22, 22, 16, 22, 171, 4, 14, 11, 22, 11, 1, 7, 15, 8, 22, 11, 25, 3, 3, 12, 71, 12, 4, 0, 2, 11, 0, 2, 68, 7, 5, 2, 2, 6, 0, 2, 4, 10, 0, 2, 5, 5, 1, 11, 1, 16, 13, 2, 25, 7, 7, 11, 8, 8, 2, 3, 2, 8, 1, 6, 8, 13, 18, 1, 8, 3, 5, 3, 26, 7, 5, 14, 1, 6, 1, 3, 13, 6, 8, 8, 13, 5, 6, 0, 1, 1, 6, 4, 4, 6, 8, 5, 0, 2, 3, 2, 6, 6, 1, 5, 9, 13, 1, 9, 3, 2, 3, 2, 3, 40, 63, 0, 15, 6, 10, 3, 2, 1, 0, 3, 4, 5, 2, 4, 0, 2, 6, 2, 3, 9, 1, 9, 29, 7, 0, 5, 1, 6, 1, 5, 0, 2, 5, 1, 10, 2, 2, 1, 13, 1, 0, 0, 3, 27, 1, 33, 45, 7, 3, 1, 3, 5, 1, 3, 13, 2, 0, 2, 2, 0, 0, 0, 0, 1, 0, 2, 4, 0, 2, 1, 2, 3, 1, 0, 3, 2, 1, 1, 7, 11, 5, 4, 5, 5, 1, 2, 8, 29, 3, 10, 6, 1, 1, 2, 1, 1, 2, 2, 3, 3, 1, 2, 1, 30, 9, 4, 11, 22, 0, 8, 6, 8, 3, 1, 7, 3, 0, 1, 20, 7, 10, 1, 0, 5, 2, 0, 2, 9, 2, 0, 22, 2, 10, 7, 2, 13, 14, 9, 0, 8, 3, 31, 14, 14, 46, 3, 20, 7, 35, 29, 66, 20, 13, 15, 10, 3, 6, 14, 4, 3, 22, 4, 1, 6, 2, 1, 2, 16, 6, 24, 2, 37, 4, 71, 15, 2, 6, 3, 10, 3, 10, 0, 21, 14, 2, 5, 4, 1, 1, 5, 2, 18, 10, 2, 11, 1, 2, 0, 26, 10, 0, 2, 2, 4, 1, 6, 1, 7, 3, 4, 3, 4, 4, 12, 43, 1, 5, 5, 3, 1, 7, 2, 3, 1, 2, 12, 8, 6, 6, 4, 7, 10, 2, 4, 6, 1, 5, 8, 12, 8, 2, 2, 8, 5, 0, 5, 3, 16, 2, 2, 2, 6, 2, 5, 2, 26, 7, 3, 17, 5, 1, 2, 29, 6, 0, 2, 3, 2, 1, 1, 5, 5, 2, 3, 0, 1, 8, 3, 21, 17, 5, 11, 3, 1, 0, 4, 2, 4, 2, 1, 2, 3, 1, 0, 4, 13, 2, 1, 1, 23, 6, 19, 10, 6, 6, 1, 9, 2, 3, 0, 29, 4, 0, 1, 2, 0, 0, 1, 2, 2, 2, 2, 3, 0, 1, 1, 12, 5, 1, 3, 0, 3, 2, 6, 1, 1, 0, 1, 8, 3, 2, 3, 13, 19, 1, 1, 12, 8, 0, 5, 3, 1, 10, 1, 2, 4, 1, 2, 2, 14, 6, 8, 2, 25, 5, 23, 40, 4, 8, 0, 4, 7, 2, 4, 10, 28, 7, 4, 9, 1, 2, 10, 5, 22, 24, 0, 22, 5, 12, 1, 39, 20, 0, 3, 9, 21, 9, 32, 25, 0, 4, 3, 5, 13, 16, 9, 166, y
0, 0, 0, 0, 0, 0, 0, 0, 0, 0, 0, 0, 0, 0, 0, 0, 0, 0, 0, 0, 0, 0, 0, 0, 0, 0, 0, 0, 0, 0, 0, 0, 0, 0, 0, 0, 0, 0, 0, 0, 0, 0, 0, 0, 0, 0, 0, 0, 0, 0, 0, 0, 0, 0, 0, 0, 0, 0, 0, 0, 0, 0, 0, 0, 0, 0, 0, 0, 0, 0, 0, 0, 0, 0, 0, 0, 0, 0, 0, 0, 0, 0, 0, 0, 0, 0, 0, 0, 0, 0, 0, 0, 0, 0, 0, 0, 0, 0, 0, 0, 0, 0, 0, 0, 0, 0, 0, 0, 0, 0, 0, 0, 0, 0, 0, 0, 0, 0, 0, 0, 0, 0, 0, 0, 0, 0, 0, 0, 0, 0, 0, 0, 0, 0, 0, 0, 0, 0, 0, 0, 0, 0, 0, 0, 0, 0, 0, 0, 0, 0, 0, 0, 0, 0, 0, 0, 0, 0, 0, 0, 0, 0, 0, 0, 0, 0, 0, 0, 0, 0, 0, 0, 0, 0, 0, 0, 0, 0, 0, 0, 0, 0, 0, 0, 0, 0, 0, 0, 0, 0, 0, 0, 0, 0, 0, 0, 0, 0, 0, 0, 0, 0, 0, 0, 0, 0, 0, 0, 0, 0, 0, 0, 0, 0, 0, 0, 0, 0, 0, 0, 0, 0, 0, 0, 0, 0, 0, 0, 0, 0, 0, 0, 0, 0, 0, 0, 0, 0, 0, 0, 0, 0, 0, 0, 0, 0, 0, 0, 0, 0, 0, 0, 0, 0, 0, 0, 0, 0, 0, 0, 0, 0, 0, 0, 0, 0, 0, 0, 0, 0, 0, 0, 0, 0, 0, 0, 0, 0, 0, 0, 0, 0, 0, 0, 0, 0, 0, 0, 0, 0, 0, 0, 0, 0, 0, 0, 0, 0, 0, 0, 0, 0, 0, 0, 0, 0, 0, 0, 0, 0, 0, 0, 0, 0, 0, 0, 0, 0, 0, 0, 0, 0, 0, 0, 0, 0, 0, 0, 0, 0, 0, 0, 0, 0, 0, 0, 0, 0, 0, 0, 0, 0, 0, 0, 0, 0, 0, 0, 0, 0, 0, 0, 0, 0, 0, 0, 0, 0, 0, 0, 0, 0, 0, 0, 0, 0, 0, 0, 0, 0, 0, 0, 0, 0, 0, 0, 0, 0, 0, 0, 0, 0, 0, 0, 0, 0, 0, 0, 0, 0, 0, 0, 0, 0, 0, 0, 0, 0, 0, 0, 0, 0, 0, 0, 0, 0, 0, 0, 0, 0, 0, 0, 0, 0, 0, 0, 0, 0, 0, 0, 0, 0, 0, 0, 0, 0, 0, 0, 0, 0, 0, 0, 0, 0, 0, 0, 0, 0, 0, 0, 0, 0, 0, 0, 0, 0, 0, 0, 0, 0, 0, 0, 0, 0, 0, 0, 0, 0, 0, 0, 0, 0, 0, 0, 0, 0, 0, 0, 0, 0, 0, 0, 0, 0, 0, 0, 0, 0, 0, 0, 0, 0, 0, 0, 0, 0, 0, 0, 0, 0, 0, 0, 0, 0, 0, 0, 0, 0, 0, 0, 0, 0, 0, 0, 0, 0, 0, 0, 0, 0, 0, 0, 0, 0, 0, 0, 0, 0, 0, 0, 0, 0, 0, 0, 0, 0, 0, 0, 0, 0, 0, 0, 0, 0, 0, 0, 0, 0, 0, 0, 0, 0, 0, 0, 0, 0, 0, 0, 0, 0, 0, 0, 0, 0, 0, 0, 0, 0, 0, 0, 0, 0, 0, 0, 0, 0, 0, 0, 0, 0, 0, 0, 0, 0, 0, 0, 0, 0, 0, 0, 0, 0, 0, 0, 0, 0, 0, 0, 0, 0, 0, 0, 0, 0, 0, 0, 0, 0, 0, 0, 0, 0, 0, 0, 0, 0, 0, 0, 0, 0, 0, 0, 0, 0, 0, 0, 0, 0, 0, 0, 0, 0, 0, 0, 0, 0, 0, 0, 0, 0, 0, 0, 0, 0, 0, 0, 0, 0, 0, 0, 0, 0, 0, 0, 0, 0, 0, 0, 0, 0, 0, 0, 0, 0, 0, 0, 0, 0, 0, 0, 0, 0, 0, 0, 0, 0, 0, 0, 0, 0, 0, 0, 0, 0, 0, 0, 0, 0, 0, 0, 0, 0, 0, 0, 0, 0, 0, 0, 0, 0, 0, 0, 0, 0, 0, 0, 0, 0, 0, 0, 0, 0, 0, 0, 0, 0, 0, 0, 0, 0, 0, 0, 0, 0, 0, 0, 0, 0, 0, 0, 0, 0, 0, 0, 0, 0, 0, 0, 0, 0, 0, 0, 0, 0, 0, 0, 0, 0, 0, 0, 0, 0, 0, 0, 0, 0, 0, 0, 0, 0, 0, 0, 0, 0, 0, 0, 0, 0, 0, 0, 0, 0, 0, 0, 0, 0, 0, 0, 0, 0, 0, 0, 0, 0, 0, 0, 0, 0, 0, 0, 0, 0, 0, 0, 0, 0, 0, 0, 0, 0, 0, 0, 0, 0, 0, 0, 0, 0, 0, 0, 0, 0, 0, 0, 0, 0, 0, 0, 0, 0, 0, 0, 0, 0, 0, 0, 0, 0, 0, 0, 0, 0, 0, 0, 0, 0, 0, 0, 0, 0, 0, 0, 0, 0, 0, 0, 0, 0, 0, 0, 0, 0, 0, 0, 0, 0, 0, 0, 0, 0, 0, 0, 0, 0, 0, 0, 0, 0, 0, 0, 0, 0, 0, 0, 0, 0, 0, 0, 0, 0, 0, 0, 0, 0, 0, 0, 0, 0, 0, 0, 0, 0, 0, 0, 0, 0, 0, 0, 0, 0, 0, 0, 0, 0, 0, 0, 0, 0, 0, 0, 0, 0, 0, 0, 0, 0, 0, 0, 0, 0, 0, 0, 0, 0, 0, 0, 0, 0, 0, 0, 0, 0, 0, 0, 0, 0, 0, 0, 0, 0, 0, 0, 0, 0, 0, 0, 0, 0, 0, 0, 0, 0, 0, 0, 0, 0, 0, 0, 0, 0, 0, 0, 0, 0, 0, 0, 0, 0, 0, 0, 0, 0, 0, 0, 0, 0, 0, 0, 0, 0, 0, 0, 0, 0, 0, 0, 0, 0, 0, 0, 0, 0, 0, 0, 0, 0, 0, 0, 0, 0, 0, 0, 0, 0, 0, 0, 0, 0, 0, 0, 0, 0, 0, 0, 0, 0, 0, 0, 0, 0, 0, 0, 0, 0, 0, 0, 0, 0, 0, 0, 0, 0, 0, 0, y
98, 1, 43, 26, 7, 3, 13, 22, 42, 11, 14, 25, 5, 6, 13, 50, 14, 7, 3, 1, 16, 14, 30, 14, 8, 0, 1, 6, 3, 3, 1, 51, 26, 1, 7, 2, 1, 1, 5, 2, 33, 10, 7, 52, 1, 2, 3, 21, 15, 4, 1, 2, 4, 3, 1, 0, 2, 2, 2, 5, 0, 0, 4, 16, 63, 13, 18, 24, 12, 6, 8, 2, 9, 20, 8, 6, 10, 7, 4, 10, 6, 5, 2, 1, 10, 3, 12, 3, 6, 1, 2, 5, 5, 3, 2, 2, 24, 11, 7, 1, 8, 1, 5, 1, 22, 76, 7, 37, 10, 6, 10, 27, 7, 1, 5, 2, 7, 5, 13, 7, 8, 5, 1, 4, 12, 6, 2, 16, 13, 1, 3, 3, 3, 1, 3, 10, 9, 0, 3, 7, 3, 5, 0, 3, 21, 7, 1, 6, 13, 10, 49, 20, 1, 1, 1, 4, 2, 5, 2, 24, 1, 1, 3, 0, 2, 0, 3, 1, 4, 2, 4, 12, 2, 1, 1, 3, 1, 2, 2, 1, 7, 1, 6, 2, 1, 1, 4, 7, 2, 1, 10, 8, 33, 2, 1, 14, 7, 1, 6, 2, 10, 13, 1, 7, 2, 3, 1, 6, 31, 1, 11, 7, 29, 17, 8, 31, 4, 0, 3, 5, 4, 4, 2, 3, 52, 4, 10, 8, 4, 6, 10, 2, 14, 18, 1, 44, 4, 1, 13, 47, 82, 16, 1, 5, 20, 4, 31, 9, 11, 0, 0, 13, 28, 34, 7, 57, 45, 30, 41, 11, 25, 2, 5, 55, 12, 18, 15, 8, 1, 6, 18, 2, 1, 10, 4, 4, 21, 3, 33, 41, 6, 4, 3, 11, 7, 5, 9, 24, 23, 4, 0, 2, 2, 4, 2, 1, 30, 40, 13, 42, 10, 2, 8, 4, 14, 1, 1, 1, 2, 0, 4, 11, 4, 1, 1, 10, 7, 1, 9, 21, 15, 1, 1, 9, 6, 2, 6, 10, 8, 5, 3, 1, 1, 7, 6, 10, 4, 4, 7, 9, 1, 15, 12, 12, 10, 9, 12, 12, 2, 10, 0, 16, 14, 1, 6, 4, 6, 3, 12, 4, 34, 110, 2, 46, 4, 4, 8, 3, 7, 1, 3, 2, 10, 2, 12, 11, 5, 10, 2, 8, 3, 6, 7, 1, 20, 3, 0, 4, 1, 2, 1, 4, 6, 13, 1, 20, 4, 4, 1, 1, 33, 6, 7, 22, 16, 7, 49, 19, 10, 12, 10, 8, 12, 5, 13, 36, 7, 6, 9, 6, 7, 4, 2, 3, 12, 2, 2, 2, 4, 1, 4, 0, 3, 5, 1, 1, 4, 1, 13, 2, 1, 4, 3, 9, 3, 9, 2, 15, 27, 4, 6, 0, 8, 2, 5, 5, 1, 1, 6, 2, 1, 2, 3, 9, 28, 2, 2, 5, 83, 3, 4, 29, 17, 4, 1, 1, 8, 6, 6, 22, 1, 6, 2, 4, 7, 7, 3, 2, 24, 56, 1, 55, 15, 1, 14, 61, 78, 11, 4, 13, 55, 1, 40, 1, 9, 6, 1, 39, 33, 45, 16, 138, 68, 13, 2, 24, 24, 1, 49, 33, 1, 23, 4, 42, 2, 4, 9, 40, 24, 6, 2, 4, 38, 1, 156, 6, 11, 4, 1, 1, 13, 4, 5, 34, 3, 6, 3, 1, 1, 1, 10, 5, 26, 28, 7, 65, 2, 6, 8, 34, 13, 0, 1, 6, 8, 2, 21, 4, 10, 13, 3, 6, 3, 7, 5, 34, 15, 5, 0, 2, 1, 3, 10, 1, 6, 5, 5, 27, 11, 5, 2, 6, 6, 2, 2, 5, 13, 0, 16, 11, 1, 0, 4, 7, 2, 0, 2, 3, 3, 10, 12, 4, 1, 10, 7, 1, 35, 26, 2, 2, 7, 9, 4, 3, 7, 1, 3, 3, 16, 1, 3, 1, 4, 8, 3, 3, 7, 6, 7, 2, 1, 0, 2, 3, 6, 1, 0, 4, 12, 1, 2, 18, 3, 0, 2, 3, 18, 1, 10, 0, 27, 1, 167, 111, 9, 0, 3, 1, 2, 1, 11, 61, 2, 0, 1, 2, 1, 2, 0, 1, 3, 4, 8, 2, 4, 3, 0, 6, 2, 10, 8, 3, 5, 0, 2, 5, 8, 9, 1, 0, 7, 5, 1, 28, 9, 2, 5, 6, 1, 1, 2, 9, 7, 1, 0, 3, 2, 3, 2, 7, 24, 3, 7, 2, 80, 15, 92, 92, 1, 0, 0, 3, 4, 6, 5, 68, 29, 4, 2, 3, 1, 1, 0, 8, 48, 18, 2, 3, 3, 2, 10, 7, 95, 9, 5, 9, 1, 6, 15, 24, 34, 29, 8, 12, 8, 12, 0, 111, 102, 4, 33, 45, 17, 6, 30, 77, 40, 28, 1, 45, 5, 4, 7, 202, 42, 2, 23, 18, 27, 7, 41, 58, 7, 0, 0, 7, 17, 3, 8, 78, 9, 1, 3, 4, 6, 0, 2, 8, 22, 39, 10, 37, 7, 1, 3, 10, 13, 1, 3, 3, 0, 2, 17, 2, 8, 3, 1, 5, 7, 7, 13, 35, 28, 14, 2, 6, 8, 0, 14, 7, 3, 2, 1, 1, 3, 4, 9, 1, 11, 2, 11, 11, 4, 4, 15, 6, 7, 3, 1, 6, 3, 1, 3, 1, 25, 0, 4, 3, 0, 1, 1, 9, 1, 46, 0, 10, 1, 7, 3, 31, 6, 1, 2, 6, 1, 1, 0, 15, 3, 1, 2, 10, 6, 4, 4, 2, 12, 8, 6, 10, 3, 0, 4, 11, 10, 3, 2, 10, 1, 0, 2, 4, 23, 4, 1, 10, 3, 6, 33, 63, 5, 6, 9, 11, 14, 17, 2, 63, 10, 3, 6, 2, 1, 4, 1, 8, 11, 11, 3, 6, 3, 4, 5, 10, 4, 4, 2, 10, 10, 2, 23, 15, 4, 4, 3, 8, 2, 6, 2, 10, 37, 10, 1, 9, 7, 2, 4, 3, 7, 9, 3, 9, 3, 3, 2, 10, 44, 1, 4, 6, 55, 2, 101, 23, 1, 10, 1, 6, 5, 1, 1, 11, 22, 2, 0, 8, 7, 2, 6, 3, 26, 39, 3, 1, 7, 17, 14, 8, 112, 5, 7, 2, 29, 12, 6, 9, 64, 5, 2, 25, 8, 46, 8, 51, y
56, 8, 79, 38, 0, 11, 17, 69, 84, 1, 0, 30, 5, 10, 0, 55, 29, 4, 5, 5, 11, 8, 25, 16, 4, 3, 1, 5, 5, 9, 0, 7, 19, 2, 5, 1, 1, 1, 2, 3, 47, 26, 3, 7, 5, 8, 5, 61, 7, 4, 1, 1, 8, 2, 2, 7, 1, 2, 1, 5, 2, 7, 7, 34, 70, 5, 38, 16, 28, 8, 5, 0, 20, 8, 2, 18, 4, 16, 1, 5, 12, 4, 8, 2, 6, 5, 2, 5, 8, 7, 2, 2, 6, 5, 0, 16, 25, 2, 6, 7, 12, 1, 4, 0, 138, 116, 9, 121, 5, 1, 5, 37, 2, 2, 3, 3, 6, 3, 13, 7, 16, 3, 3, 1, 4, 10, 7, 27, 4, 3, 4, 6, 1, 1, 6, 3, 10, 6, 3, 4, 4, 6, 6, 4, 24, 6, 5, 1, 9, 9, 37, 27, 6, 3, 0, 0, 4, 7, 6, 8, 3, 1, 1, 2, 1, 0, 5, 4, 2, 4, 2, 5, 2, 2, 1, 2, 2, 3, 1, 1, 7, 0, 7, 12, 3, 1, 2, 2, 7, 1, 1, 1, 22, 2, 9, 10, 7, 1, 2, 3, 2, 10, 4, 11, 1, 1, 2, 5, 16, 6, 9, 3, 42, 8, 36, 55, 4, 5, 4, 8, 9, 5, 3, 1, 31, 6, 3, 5, 0, 4, 7, 12, 82, 114, 5, 66, 15, 2, 12, 57, 94, 9, 15, 8, 38, 7, 31, 17, 13, 1, 2, 29, 7, 13, 26, 106, 110, 25, 17, 8, 17, 5, 2, 31, 48, 38, 8, 25, 3, 2, 15, 22, 21, 1, 10, 17, 63, 2, 11, 84, 15, 6, 1, 11, 5, 0, 6, 31, 25, 0, 3, 3, 5, 3, 11, 9, 10, 43, 14, 73, 13, 2, 16, 47, 12, 2, 0, 2, 4, 1, 17, 3, 4, 3, 4, 4, 5, 3, 5, 30, 18, 0, 3, 4, 5, 2, 7, 3, 1, 0, 4, 2, 1, 5, 7, 9, 8, 8, 8, 9, 20, 10, 14, 9, 6, 8, 11, 10, 0, 9, 4, 11, 5, 0, 2, 4, 6, 1, 11, 1, 31, 87, 4, 49, 9, 7, 2, 4, 15, 2, 1, 7, 5, 3, 5, 15, 1, 7, 1, 5, 8, 2, 8, 6, 23, 7, 3, 8, 1, 3, 4, 1, 1, 14, 1, 19, 4, 1, 2, 6, 41, 2, 7, 14, 28, 3, 69, 29, 12, 13, 4, 12, 13, 11, 8, 25, 10, 4, 6, 14, 11, 6, 5, 0, 6, 1, 2, 3, 2, 7, 4, 1, 2, 0, 3, 0, 1, 0, 2, 6, 4, 6, 2, 11, 10, 2, 6, 18, 16, 6, 2, 6, 11, 0, 6, 8, 0, 13, 3, 3, 1, 2, 5, 6, 98, 8, 4, 2, 111, 13, 3, 12, 5, 9, 1, 5, 2, 7, 1, 20, 41, 7, 3, 8, 0, 6, 2, 7, 8, 33, 0, 34, 11, 2, 12, 74, 121, 8, 1, 12, 79, 8, 41, 24, 66, 4, 2, 28, 38, 35, 3, 122, 34, 22, 8, 52, 11, 0, 44, 7, 12, 24, 6, 63, 5, 3, 3, 16, 23, 9, 9, 5, 30, 1, 143, 53, 4, 4, 1, 4, 3, 1, 2, 45, 9, 8, 5, 5, 5, 1, 6, 8, 6, 37, 2, 124, 5, 7, 1, 18, 2, 1, 3, 1, 4, 1, 12, 14, 12, 1, 0, 12, 3, 3, 2, 16, 28, 3, 11, 3, 0, 5, 6, 5, 20, 3, 3, 7, 2, 3, 1, 1, 6, 7, 6, 2, 7, 7, 1, 4, 5, 0, 2, 7, 4, 1, 1, 7, 8, 3, 16, 8, 2, 9, 3, 2, 28, 4, 3, 4, 5, 8, 12, 23, 4, 0, 8, 2, 1, 3, 4, 2, 14, 5, 5, 3, 2, 10, 15, 11, 9, 1, 2, 0, 5, 2, 8, 7, 4, 4, 3, 5, 5, 3, 2, 3, 37, 3, 8, 10, 54, 7, 261, 160, 6, 1, 5, 0, 0, 2, 11, 40, 1, 3, 0, 3, 2, 4, 5, 3, 7, 6, 1, 2, 3, 7, 2, 4, 1, 3, 0, 0, 1, 2, 7, 2, 9, 3, 1, 2, 3, 3, 3, 9, 36, 6, 1, 16, 3, 1, 9, 6, 3, 3, 1, 4, 3, 0, 2, 1, 16, 7, 5, 4, 80, 3, 148, 101, 3, 11, 1, 6, 4, 0, 13, 43, 12, 6, 0, 1, 5, 0, 1, 10, 36, 19, 0, 28, 7, 0, 9, 22, 10, 6, 9, 8, 10, 3, 14, 24, 3, 11, 5, 7, 3, 5, 4, 55, 47, 0, 39, 35, 3, 3, 16, 72, 33, 27, 8, 72, 6, 2, 13, 177, 22, 1, 16, 0, 18, 8, 85, 60, 4, 6, 1, 4, 1, 9, 7, 50, 13, 3, 7, 10, 1, 0, 9, 2, 36, 30, 0, 81, 6, 7, 4, 46, 12, 3, 3, 3, 4, 0, 2, 3, 7, 2, 1, 3, 2, 8, 0, 37, 9, 5, 9, 8, 13, 1, 2, 3, 9, 11, 2, 1, 1, 2, 9, 0, 3, 3, 12, 8, 8, 7, 12, 10, 5, 1, 3, 7, 5, 0, 0, 7, 23, 9, 7, 1, 4, 2, 0, 5, 10, 24, 1, 20, 13, 8, 5, 37, 11, 3, 0, 3, 8, 2, 4, 5, 2, 4, 0, 3, 6, 9, 11, 9, 4, 15, 8, 1, 1, 3, 2, 3, 7, 8, 0, 1, 2, 1, 1, 2, 19, 3, 2, 5, 37, 9, 64, 46, 13, 16, 3, 2, 5, 11, 0, 48, 10, 2, 4, 1, 2, 4, 3, 4, 4, 8, 1, 6, 2, 5, 3, 3, 8, 2, 2, 2, 3, 1, 5, 18, 7, 3, 1, 2, 7, 3, 4, 37, 55, 1, 6, 9, 1, 1, 5, 7, 2, 11, 0, 7, 0, 2, 0, 8, 5, 1, 9, 8, 15, 3, 27, 39, 1, 14, 0, 7, 5, 4, 3, 0, 59, 3, 5, 2, 7, 1, 8, 5, 47, 60, 5, 12, 11, 11, 1, 2, 131, 4, 3, 2, 17, 9, 11, 15, 33, 24, 2, 19, 0, 23, 4, 63, y
3, 1, 54, 0, 9, 8, 31, 96, 20, 2, 10, 31, 3, 3, 1, 193, 9, 6, 2, 9, 13, 5, 33, 80, 2, 8, 1, 2, 1, 2, 16, 33, 26, 2, 15, 9, 2, 3, 5, 4, 35, 43, 3, 106, 4, 1, 6, 43, 8, 5, 1, 1, 1, 1, 4, 10, 2, 1, 2, 2, 7, 2, 11, 32, 31, 8, 15, 14, 7, 3, 3, 5, 12, 4, 1, 1, 3, 3, 3, 1, 9, 2, 3, 4, 5, 2, 16, 0, 6, 2, 4, 3, 6, 3, 1, 6, 17, 1, 1, 1, 3, 3, 1, 6, 69, 129, 7, 88, 8, 1, 5, 57, 12, 2, 1, 3, 13, 3, 0, 3, 6, 5, 0, 1, 1, 10, 2, 43, 6, 2, 1, 3, 1, 1, 4, 3, 12, 15, 2, 4, 2, 4, 2, 7, 12, 1, 2, 1, 22, 9, 114, 36, 2, 7, 0, 4, 2, 1, 12, 0, 0, 0, 1, 1, 2, 0, 5, 1, 1, 8, 2, 16, 1, 1, 1, 2, 3, 3, 1, 1, 7, 1, 16, 2, 4, 3, 4, 14, 1, 5, 6, 15, 37, 6, 8, 1, 4, 0, 2, 5, 1, 5, 2, 9, 0, 2, 1, 4, 28, 7, 4, 3, 72, 6, 41, 29, 12, 1, 2, 1, 7, 2, 6, 20, 55, 0, 6, 8, 1, 6, 1, 3, 62, 52, 4, 36, 7, 2, 3, 36, 129, 17, 0, 2, 11, 5, 14, 67, 20, 11, 4, 22, 44, 16, 7, 128, 129, 14, 21, 1, 4, 7, 1, 38, 37, 40, 3, 20, 9, 4, 14, 48, 60, 13, 3, 7, 35, 0, 2, 40, 4, 11, 2, 9, 14, 1, 5, 7, 20, 4, 3, 3, 0, 1, 9, 15, 18, 32, 14, 24, 13, 3, 11, 26, 11, 2, 0, 3, 6, 1, 14, 18, 4, 1, 3, 5, 1, 1, 3, 18, 6, 5, 5, 3, 2, 2, 7, 8, 0, 11, 3, 4, 1, 4, 7, 10, 9, 4, 6, 4, 8, 11, 5, 4, 8, 10, 10, 9, 2, 13, 1, 5, 3, 0, 4, 3, 0, 2, 11, 0, 65, 116, 7, 49, 11, 2, 8, 3, 13, 4, 4, 1, 16, 3, 11, 9, 2, 7, 1, 0, 5, 0, 2, 33, 13, 2, 8, 11, 8, 5, 13, 8, 16, 18, 4, 27, 1, 11, 20, 12, 47, 14, 22, 21, 14, 3, 76, 89, 12, 15, 1, 9, 12, 14, 18, 56, 10, 0, 5, 4, 1, 1, 1, 1, 2, 3, 0, 0, 0, 1, 0, 1, 6, 3, 3, 1, 3, 3, 9, 12, 4, 2, 0, 8, 3, 9, 5, 45, 23, 7, 5, 3, 1, 2, 7, 12, 6, 2, 1, 8, 2, 1, 5, 16, 15, 7, 3, 8, 46, 8, 32, 44, 11, 14, 1, 8, 4, 10, 4, 35, 12, 7, 2, 15, 0, 5, 1, 4, 13, 62, 4, 61, 5, 1, 14, 71, 49, 10, 2, 12, 44, 8, 38, 93, 33, 15, 5, 30, 16, 49, 40, 285, 53, 9, 4, 34, 7, 3, 13, 17, 40, 38, 4, 69, 2, 1, 1, 20, 36, 7, 1, 6, 23, 2, 20, 39, 1, 3, 1, 1, 13, 6, 1, 69, 18, 10, 5, 5, 4, 1, 5, 9, 8, 78, 4, 119, 0, 14, 11, 102, 10, 1, 2, 1, 9, 0, 13, 4, 3, 14, 1, 12, 3, 2, 13, 30, 16, 2, 17, 18, 14, 15, 10, 25, 30, 14, 9, 37, 11, 2, 1, 13, 0, 1, 8, 5, 7, 5, 0, 2, 3, 1, 3, 5, 3, 2, 1, 4, 22, 0, 7, 11, 1, 7, 5, 2, 89, 206, 1, 71, 6, 5, 9, 18, 14, 1, 3, 1, 1, 2, 5, 0, 6, 16, 0, 9, 5, 8, 6, 39, 15, 4, 3, 1, 3, 1, 1, 3, 2, 2, 1, 3, 2, 0, 2, 9, 37, 0, 11, 5, 16, 3, 17, 50, 8, 4, 1, 7, 7, 7, 5, 28, 4, 0, 2, 1, 1, 0, 4, 0, 1, 7, 5, 1, 0, 1, 2, 7, 4, 1, 1, 1, 3, 1, 7, 0, 6, 4, 0, 8, 1, 5, 4, 80, 43, 0, 1, 10, 4, 2, 2, 8, 9, 7, 1, 10, 3, 1, 2, 3, 25, 1, 10, 4, 110, 2, 16, 10, 1, 6, 1, 1, 1, 3, 6, 39, 26, 3, 4, 2, 3, 1, 5, 5, 8, 74, 2, 68, 0, 1, 1, 40, 1, 1, 7, 6, 30, 0, 6, 22, 25, 68, 1, 25, 40, 12, 8, 163, 87, 10, 37, 41, 1, 3, 27, 83, 38, 38, 4, 43, 12, 1, 9, 216, 60, 11, 15, 1, 0, 3, 36, 88, 5, 4, 0, 10, 15, 1, 4, 116, 26, 7, 2, 7, 0, 1, 4, 10, 35, 29, 3, 62, 1, 2, 2, 61, 8, 0, 0, 0, 2, 0, 6, 6, 0, 1, 2, 5, 5, 7, 4, 53, 17, 7, 3, 0, 14, 1, 3, 6, 9, 4, 2, 7, 1, 7, 6, 3, 3, 0, 12, 8, 8, 5, 10, 4, 10, 1, 1, 5, 4, 3, 2, 5, 23, 4, 1, 3, 3, 2, 0, 3, 11, 25, 5, 7, 10, 0, 2, 46, 13, 1, 0, 0, 14, 3, 0, 10, 1, 2, 3, 8, 6, 8, 7, 19, 9, 6, 11, 3, 1, 3, 6, 4, 13, 10, 6, 13, 2, 5, 4, 13, 22, 14, 12, 9, 13, 18, 42, 40, 9, 17, 9, 10, 16, 7, 10, 78, 11, 4, 4, 3, 0, 1, 5, 4, 5, 12, 2, 12, 1, 0, 0, 3, 4, 0, 3, 0, 5, 0, 13, 14, 8, 1, 3, 6, 1, 2, 1, 21, 15, 1, 6, 7, 6, 0, 0, 6, 8, 7, 3, 8, 2, 1, 3, 13, 26, 1, 7, 10, 42, 7, 84, 71, 8, 14, 3, 2, 4, 1, 8, 31, 24, 3, 1, 1, 1, 3, 7, 3, 81, 57, 1, 29, 5, 6, 3, 8, 143, 18, 4, 5, 30, 3, 10, 43, 97, 36, 12, 31, 21, 39, 3, 151, y
187, 23, 25, 31, 18, 10, 27, 53, 38, 57, 16, 53, 11, 10, 11, 45, 46, 4, 13, 13, 38, 11, 71, 76, 2, 4, 1, 9, 7, 11, 0, 101, 4, 1, 1, 9, 0, 0, 12, 5, 12, 55, 6, 14, 4, 5, 7, 56, 1, 2, 0, 3, 7, 1, 12, 16, 12, 9, 2, 5, 7, 1, 4, 27, 27, 12, 8, 8, 4, 1, 7, 13, 5, 11, 3, 20, 4, 4, 3, 4, 1, 1, 2, 2, 2, 5, 1, 10, 2, 0, 3, 5, 8, 8, 4, 14, 32, 3, 9, 8, 16, 3, 12, 3, 2, 44, 9, 60, 6, 11, 12, 58, 17, 1, 1, 1, 0, 3, 5, 8, 1, 7, 1, 8, 2, 4, 1, 40, 14, 2, 1, 6, 4, 2, 4, 2, 2, 12, 2, 7, 3, 4, 6, 20, 19, 2, 6, 9, 61, 12, 101, 70, 6, 10, 5, 3, 2, 6, 4, 48, 2, 4, 1, 2, 3, 5, 1, 0, 2, 2, 2, 3, 0, 1, 2, 2, 6, 3, 3, 0, 1, 1, 4, 5, 1, 4, 1, 5, 5, 3, 5, 65, 27, 10, 7, 3, 0, 1, 5, 11, 3, 3, 2, 12, 1, 1, 1, 12, 8, 14, 2, 14, 70, 5, 87, 39, 0, 5, 4, 4, 1, 0, 8, 34, 22, 1, 3, 8, 5, 4, 0, 11, 44, 17, 8, 44, 3, 3, 1, 50, 25, 4, 8, 12, 21, 6, 61, 46, 10, 54, 4, 12, 4, 42, 18, 275, 143, 15, 100, 62, 9, 10, 64, 104, 55, 40, 9, 88, 2, 6, 7, 187, 65, 4, 13, 12, 16, 7, 74, 21, 7, 2, 2, 3, 0, 4, 3, 54, 0, 0, 3, 8, 1, 2, 5, 4, 27, 19, 2, 83, 2, 3, 1, 65, 0, 1, 1, 2, 1, 0, 9, 7, 3, 5, 4, 4, 8, 6, 2, 56, 48, 6, 11, 17, 14, 1, 20, 13, 9, 9, 5, 9, 1, 5, 7, 20, 14, 8, 11, 8, 7, 16, 23, 11, 9, 11, 9, 9, 3, 7, 2, 21, 19, 1, 8, 2, 8, 1, 2, 8, 17, 17, 8, 62, 4, 5, 7, 55, 3, 5, 1, 1, 3, 1, 9, 9, 5, 6, 0, 2, 3, 1, 1, 27, 10, 7, 2, 9, 3, 3, 1, 9, 5, 5, 1, 5, 6, 0, 1, 16, 15, 6, 8, 15, 69, 0, 122, 110, 5, 3, 1, 8, 1, 1, 3, 33, 9, 6, 5, 1, 5, 7, 6, 3, 1, 2, 3, 6, 0, 2, 2, 2, 1, 3, 0, 2, 1, 0, 2, 12, 2, 1, 0, 4, 2, 1, 9, 64, 37, 10, 16, 13, 2, 1, 8, 13, 9, 8, 0, 12, 2, 0, 2, 7, 49, 12, 9, 16, 27, 1, 143, 77, 13, 5, 2, 11, 1, 2, 9, 53, 9, 2, 4, 3, 2, 6, 5, 8, 100, 39, 1, 16, 17, 7, 2, 57, 21, 3, 9, 0, 8, 3, 38, 70, 67, 12, 5, 7, 16, 13, 22, 205, 161, 15, 38, 39, 9, 1, 35, 18, 33, 26, 18, 24, 7, 5, 6, 8, 42, 4, 9, 9, 26, 4, 45, 38, 13, 6, 2, 12, 5, 7, 8, 2, 22, 2, 1, 4, 4, 1, 2, 6, 33, 33, 7, 25, 9, 1, 4, 22, 1, 2, 1, 4, 7, 0, 3, 5, 18, 4, 0, 0, 1, 9, 11, 10, 49, 5, 2, 1, 4, 1, 6, 4, 1, 8, 1, 6, 5, 0, 2, 8, 5, 8, 3, 5, 1, 2, 4, 2, 0, 0, 1, 4, 3, 5, 4, 7, 32, 12, 14, 6, 8, 6, 1, 6, 104, 94, 14, 20, 16, 15, 6, 43, 1, 2, 2, 3, 10, 1, 6, 8, 25, 7, 0, 11, 9, 5, 0, 45, 23, 5, 4, 7, 0, 1, 4, 4, 1, 8, 3, 15, 0, 1, 3, 4, 27, 2, 5, 5, 64, 2, 122, 79, 2, 2, 2, 12, 7, 3, 4, 50, 2, 0, 2, 0, 1, 0, 1, 0, 8, 4, 0, 4, 1, 0, 3, 8, 5, 0, 1, 1, 6, 0, 1, 10, 13, 4, 4, 6, 13, 2, 12, 68, 12, 7, 4, 1, 0, 2, 2, 11, 10, 23, 0, 14, 0, 1, 0, 2, 12, 8, 3, 17, 53, 6, 94, 59, 10, 13, 0, 16, 9, 3, 1, 20, 6, 14, 11, 3, 5, 1, 6, 3, 31, 102, 2, 35, 6, 8, 2, 42, 33, 11, 7, 24, 25, 5, 70, 61, 14, 58, 9, 22, 42, 47, 40, 330, 179, 24, 32, 12, 15, 1, 35, 4, 51, 22, 7, 70, 6, 4, 8, 40, 48, 3, 2, 10, 37, 2, 30, 72, 1, 13, 3, 0, 5, 7, 8, 6, 25, 6, 8, 3, 6, 0, 5, 1, 29, 30, 5, 72, 10, 1, 15, 78, 2, 1, 1, 2, 6, 3, 16, 9, 12, 9, 2, 7, 4, 2, 6, 8, 49, 0, 8, 2, 16, 2, 14, 4, 9, 8, 2, 2, 5, 4, 8, 1, 10, 6, 11, 5, 3, 5, 10, 9, 8, 2, 0, 3, 3, 1, 2, 7, 9, 6, 3, 8, 6, 3, 5, 2, 39, 77, 2, 88, 16, 1, 4, 40, 4, 1, 2, 4, 12, 2, 15, 5, 1, 8, 1, 4, 16, 3, 12, 20, 25, 5, 18, 5, 8, 1, 3, 0, 4, 2, 0, 10, 3, 3, 1, 12, 49, 3, 1, 9, 20, 1, 35, 20, 0, 11, 2, 4, 1, 1, 8, 6, 3, 1, 3, 4, 1, 0, 2, 0, 4, 1, 1, 3, 1, 0, 0, 0, 4, 1, 2, 1, 5, 2, 6, 5, 4, 3, 0, 8, 3, 1, 5, 44, 40, 14, 9, 5, 3, 0, 0, 2, 8, 13, 1, 5, 0, 0, 2, 6, 98, 13, 2, 1, 53, 5, 114, 16, 2, 3, 2, 10, 5, 3, 2, 34, 38, 10, 3, 14, 3, 2, 15, 12, 46, 50, 3, 59, 13, 0, 16, 68, 97, 0, 10, 12, 80, 20, 38, 70, 20, 16, 2, 23, 68, 34, 55, 217, y
154, 28, 8, 51, 20, 10, 19, 11, 35, 51, 13, 49, 10, 7, 10, 170, 16, 9, 6, 19, 4, 3, 24, 15, 0, 2, 0, 8, 2, 3, 11, 21, 4, 4, 0, 5, 0, 1, 5, 14, 30, 47, 5, 21, 7, 0, 14, 40, 4, 2, 1, 2, 3, 0, 12, 15, 7, 4, 5, 9, 1, 5, 0, 20, 4, 13, 2, 3, 3, 1, 6, 4, 7, 17, 4, 26, 4, 1, 4, 8, 4, 2, 5, 7, 2, 0, 7, 3, 4, 3, 2, 4, 7, 1, 0, 13, 26, 2, 9, 2, 11, 2, 3, 1, 14, 48, 1, 55, 4, 12, 8, 49, 17, 4, 0, 2, 1, 5, 5, 2, 4, 9, 1, 3, 10, 3, 2, 30, 14, 1, 1, 12, 3, 1, 4, 5, 7, 12, 1, 0, 2, 6, 6, 14, 13, 7, 11, 10, 14, 12, 54, 41, 0, 3, 1, 8, 4, 1, 1, 65, 2, 1, 2, 2, 3, 0, 4, 0, 1, 3, 4, 2, 1, 0, 2, 5, 3, 2, 3, 2, 9, 1, 2, 1, 2, 3, 1, 3, 0, 1, 2, 40, 2, 13, 0, 5, 1, 1, 6, 6, 1, 7, 3, 7, 2, 2, 1, 8, 77, 6, 6, 12, 138, 13, 5, 15, 3, 1, 4, 1, 3, 3, 2, 7, 2, 3, 1, 3, 4, 4, 4, 10, 42, 22, 6, 29, 1, 7, 9, 54, 124, 8, 10, 5, 161, 3, 10, 24, 11, 60, 3, 22, 23, 16, 22, 150, 87, 12, 70, 44, 7, 7, 35, 81, 41, 27, 10, 47, 14, 6, 9, 134, 58, 0, 10, 12, 14, 9, 40, 70, 10, 2, 2, 6, 0, 5, 5, 72, 1, 1, 4, 6, 3, 1, 2, 1, 11, 10, 2, 31, 2, 5, 1, 61, 6, 1, 2, 2, 2, 0, 6, 2, 1, 3, 4, 4, 4, 5, 5, 53, 31, 5, 6, 10, 6, 2, 14, 13, 5, 3, 4, 0, 2, 5, 7, 22, 4, 9, 8, 9, 3, 14, 19, 5, 9, 7, 12, 10, 4, 15, 4, 21, 9, 3, 5, 3, 2, 0, 1, 7, 64, 98, 6, 13, 0, 2, 1, 46, 2, 2, 6, 1, 7, 3, 6, 7, 0, 1, 0, 6, 6, 8, 3, 36, 3, 0, 1, 2, 4, 1, 1, 1, 5, 3, 1, 0, 5, 0, 1, 9, 15, 0, 2, 4, 9, 2, 5, 69, 0, 6, 1, 1, 2, 1, 2, 1, 7, 4, 4, 0, 4, 2, 3, 5, 6, 0, 4, 0, 1, 2, 1, 4, 1, 2, 3, 1, 0, 4, 6, 5, 5, 2, 2, 6, 1, 4, 2, 42, 0, 13, 0, 2, 2, 1, 2, 10, 1, 2, 0, 11, 0, 0, 2, 3, 2, 4, 0, 10, 13, 1, 9, 17, 17, 2, 0, 4, 6, 3, 6, 34, 16, 6, 6, 4, 6, 4, 5, 4, 63, 100, 7, 14, 14, 1, 1, 29, 46, 9, 9, 5, 3, 0, 15, 45, 11, 2, 7, 20, 14, 4, 12, 86, 130, 5, 33, 4, 1, 2, 3, 35, 45, 2, 6, 79, 1, 2, 1, 93, 32, 4, 9, 4, 3, 2, 0, 12, 18, 6, 3, 5, 3, 6, 4, 25, 7, 0, 2, 9, 7, 1, 1, 4, 23, 14, 6, 146, 6, 8, 2, 100, 8, 1, 2, 4, 2, 2, 6, 2, 15, 2, 4, 5, 2, 1, 10, 28, 45, 7, 2, 3, 2, 1, 8, 4, 2, 9, 1, 10, 6, 0, 4, 2, 6, 6, 0, 4, 2, 8, 2, 2, 2, 1, 1, 2, 1, 1, 0, 3, 38, 9, 18, 7, 1, 7, 9, 0, 23, 5, 7, 40, 22, 14, 6, 34, 2, 2, 4, 1, 1, 2, 0, 1, 15, 8, 0, 7, 8, 3, 3, 27, 18, 1, 4, 6, 1, 1, 0, 3, 6, 5, 5, 11, 2, 0, 2, 9, 12, 2, 0, 6, 16, 3, 22, 29, 1, 4, 0, 8, 10, 5, 0, 16, 2, 0, 0, 1, 1, 0, 2, 0, 7, 4, 0, 7, 0, 0, 0, 7, 1, 0, 0, 2, 3, 0, 6, 9, 11, 4, 3, 3, 8, 3, 13, 41, 23, 12, 3, 6, 1, 1, 6, 8, 11, 16, 1, 4, 1, 0, 0, 1, 64, 14, 5, 16, 23, 5, 12, 33, 10, 13, 0, 14, 2, 2, 5, 12, 10, 8, 5, 6, 1, 1, 5, 3, 12, 75, 8, 16, 10, 3, 5, 35, 88, 10, 5, 18, 67, 3, 43, 29, 17, 13, 7, 46, 29, 46, 34, 258, 149, 22, 37, 15, 5, 2, 32, 37, 26, 32, 4, 45, 6, 4, 2, 30, 14, 2, 2, 9, 4, 4, 47, 130, 5, 10, 1, 0, 2, 4, 6, 30, 17, 5, 5, 5, 1, 1, 0, 2, 15, 9, 1, 39, 1, 1, 14, 47, 1, 1, 2, 3, 9, 2, 11, 13, 3, 8, 0, 4, 0, 3, 2, 16, 33, 1, 7, 1, 16, 1, 10, 9, 11, 19, 1, 3, 3, 6, 9, 0, 18, 3, 14, 9, 8, 7, 20, 10, 11, 1, 3, 7, 2, 0, 6, 4, 19, 2, 1, 1, 5, 2, 2, 1, 4, 42, 3, 7, 0, 2, 5, 11, 16, 3, 3, 3, 2, 1, 6, 1, 5, 5, 3, 2, 3, 0, 5, 12, 25, 3, 7, 0, 2, 1, 8, 6, 5, 8, 2, 7, 3, 0, 2, 3, 40, 3, 4, 11, 7, 10, 121, 82, 2, 4, 1, 5, 0, 2, 6, 23, 2, 1, 1, 5, 0, 0, 2, 1, 1, 0, 1, 4, 1, 0, 1, 2, 4, 0, 4, 2, 2, 2, 1, 3, 3, 2, 2, 2, 6, 4, 4, 16, 27, 6, 13, 0, 1, 1, 9, 1, 6, 21, 0, 1, 2, 2, 2, 5, 63, 11, 1, 3, 25, 4, 7, 45, 0, 6, 2, 12, 1, 1, 0, 2, 49, 10, 2, 14, 2, 0, 18, 16, 12, 54, 9, 46, 15, 1, 13, 65, 26, 4, 8, 13, 66, 10, 22, 37, 10, 26, 1, 7, 37, 21, 56, 98, y
26, 2, 61, 40, 7, 8, 34, 166, 19, 27, 2, 112, 3, 7, 18, 354, 24, 2, 5, 8, 22, 8, 75, 193, 4, 1, 2, 11, 10, 2, 0, 179, 28, 2, 7, 1, 3, 3, 3, 9, 37, 30, 15, 93, 1, 1, 1, 153, 3, 4, 0, 1, 4, 2, 2, 2, 2, 4, 0, 9, 3, 1, 5, 57, 27, 1, 20, 14, 5, 1, 9, 5, 14, 4, 0, 8, 2, 2, 2, 5, 3, 3, 2, 2, 6, 1, 8, 1, 1, 7, 1, 2, 9, 5, 2, 1, 10, 4, 1, 2, 12, 3, 2, 1, 86, 179, 2, 140, 5, 6, 10, 109, 0, 5, 1, 1, 9, 7, 7, 1, 13, 1, 1, 1, 4, 8, 10, 36, 2, 3, 0, 6, 1, 1, 0, 6, 9, 9, 3, 4, 3, 4, 6, 8, 18, 3, 1, 5, 1, 5, 46, 72, 4, 2, 1, 7, 8, 8, 9, 23, 1, 0, 1, 0, 2, 1, 5, 2, 7, 6, 2, 10, 1, 2, 0, 11, 0, 2, 4, 1, 7, 1, 5, 9, 1, 5, 4, 1, 4, 1, 7, 14, 28, 9, 5, 2, 7, 2, 3, 8, 2, 3, 1, 2, 2, 1, 1, 2, 47, 2, 9, 4, 76, 11, 18, 61, 10, 0, 0, 3, 5, 4, 3, 19, 76, 1, 7, 6, 3, 4, 8, 5, 76, 66, 2, 53, 9, 4, 6, 72, 164, 9, 9, 3, 28, 2, 60, 29, 97, 5, 4, 16, 29, 3, 19, 209, 199, 29, 2, 19, 7, 8, 31, 46, 60, 47, 19, 84, 4, 0, 13, 4, 8, 7, 5, 15, 5, 5, 55, 90, 11, 9, 2, 13, 0, 1, 6, 10, 35, 8, 5, 0, 2, 0, 15, 10, 69, 87, 23, 114, 14, 8, 13, 72, 15, 4, 1, 4, 3, 1, 10, 7, 7, 5, 2, 9, 5, 2, 1, 76, 58, 12, 0, 8, 1, 0, 2, 7, 17, 18, 2, 13, 1, 6, 3, 1, 8, 6, 0, 9, 2, 12, 13, 6, 7, 6, 11, 10, 3, 10, 1, 15, 56, 3, 16, 6, 2, 0, 1, 7, 134, 99, 19, 109, 7, 17, 17, 56, 6, 0, 5, 6, 17, 3, 11, 11, 7, 11, 2, 14, 5, 10, 10, 41, 37, 4, 10, 6, 6, 0, 9, 0, 9, 19, 2, 19, 3, 10, 5, 12, 37, 10, 11, 24, 33, 6, 80, 68, 5, 19, 5, 18, 6, 7, 10, 5, 6, 3, 7, 3, 5, 1, 1, 4, 4, 10, 5, 14, 1, 1, 2, 7, 11, 3, 6, 4, 7, 2, 9, 0, 8, 11, 5, 21, 7, 5, 9, 10, 45, 4, 3, 16, 18, 9, 3, 7, 26, 39, 6, 22, 3, 5, 4, 13, 55, 7, 4, 17, 3, 7, 153, 6, 16, 21, 2, 1, 8, 12, 2, 7, 47, 8, 10, 19, 10, 6, 6, 3, 89, 142, 5, 150, 9, 6, 14, 149, 50, 17, 5, 19, 60, 6, 57, 58, 89, 82, 11, 84, 36, 80, 24, 336, 100, 17, 6, 42, 18, 1, 23, 8, 33, 53, 12, 82, 1, 5, 10, 11, 53, 4, 3, 9, 61, 2, 126, 83, 4, 9, 0, 6, 10, 3, 11, 82, 3, 6, 8, 7, 3, 1, 5, 8, 47, 86, 6, 84, 3, 10, 9, 58, 3, 1, 1, 3, 5, 3, 10, 4, 5, 16, 2, 6, 15, 10, 2, 45, 1, 1, 21, 6, 12, 9, 6, 17, 16, 6, 6, 16, 2, 3, 2, 1, 0, 1, 3, 1, 11, 2, 21, 4, 1, 3, 4, 6, 4, 0, 7, 8, 17, 8, 15, 12, 0, 5, 1, 5, 107, 132, 9, 87, 2, 7, 3, 33, 14, 2, 6, 4, 1, 0, 0, 2, 2, 14, 6, 1, 1, 3, 15, 5, 14, 1, 11, 1, 1, 1, 1, 0, 4, 2, 2, 0, 3, 2, 3, 6, 60, 3, 6, 17, 55, 3, 147, 121, 19, 11, 3, 17, 4, 2, 6, 62, 1, 0, 1, 4, 0, 0, 2, 0, 1, 0, 3, 2, 0, 2, 2, 2, 2, 0, 5, 0, 1, 0, 6, 7, 2, 11, 1, 4, 7, 5, 9, 40, 50, 5, 2, 19, 1, 1, 6, 9, 4, 2, 0, 11, 2, 0, 3, 4, 101, 9, 5, 4, 123, 6, 68, 55, 3, 1, 0, 2, 2, 6, 7, 36, 5, 3, 1, 8, 4, 0, 3, 4, 106, 139, 7, 78, 15, 3, 7, 49, 9, 4, 16, 2, 82, 6, 27, 24, 46, 90, 8, 22, 41, 32, 7, 101, 103, 2, 39, 50, 26, 2, 28, 115, 39, 40, 10, 84, 5, 8, 11, 326, 50, 12, 6, 2, 12, 6, 48, 100, 3, 7, 2, 5, 6, 0, 8, 122, 13, 5, 2, 9, 3, 1, 11, 7, 33, 83, 6, 197, 9, 3, 7, 107, 12, 2, 0, 2, 7, 3, 10, 3, 6, 4, 3, 2, 5, 9, 13, 30, 53, 3, 3, 4, 2, 1, 1, 5, 13, 7, 3, 7, 2, 5, 8, 7, 13, 1, 11, 11, 6, 5, 2, 7, 9, 1, 3, 8, 4, 0, 3, 1, 49, 1, 0, 2, 2, 3, 10, 0, 48, 7, 19, 62, 1, 2, 10, 38, 13, 6, 1, 4, 10, 2, 3, 16, 3, 7, 1, 0, 0, 12, 7, 19, 12, 4, 6, 3, 1, 3, 1, 9, 21, 17, 12, 24, 8, 5, 13, 18, 16, 16, 18, 10, 21, 11, 0, 36, 0, 3, 7, 3, 3, 5, 2, 31, 6, 0, 1, 3, 2, 2, 4, 2, 3, 5, 1, 6, 0, 1, 1, 8, 2, 4, 2, 4, 7, 0, 6, 1, 6, 1, 1, 5, 2, 6, 0, 32, 60, 3, 1, 14, 11, 1, 3, 14, 6, 7, 0, 19, 4, 3, 1, 22, 7, 2, 11, 24, 8, 20, 49, 62, 8, 13, 2, 2, 11, 1, 6, 26, 107, 3, 0, 1, 7, 0, 3, 3, 55, 14, 1, 17, 2, 11, 1, 49, 300, 15, 2, 10, 40, 4, 26, 40, 89, 18, 1, 11, 4, 21, 17, 222, y
56, 6, 20, 14, 5, 8, 1, 94, 10, 19, 3, 17, 4, 7, 4, 82, 22, 1, 2, 7, 4, 16, 10, 159, 8, 5, 2, 11, 3, 4, 9, 67, 8, 2, 5, 2, 2, 2, 1, 4, 2, 3, 6, 51, 1, 1, 3, 13, 0, 5, 2, 0, 6, 0, 4, 9, 3, 6, 5, 0, 1, 1, 5, 5, 3, 0, 4, 4, 2, 1, 4, 5, 4, 0, 1, 7, 3, 2, 4, 4, 1, 0, 3, 5, 0, 4, 8, 6, 1, 7, 3, 0, 7, 0, 5, 2, 11, 1, 10, 0, 6, 1, 9, 5, 25, 55, 6, 73, 3, 9, 2, 9, 13, 4, 2, 0, 2, 5, 4, 5, 2, 5, 0, 1, 4, 2, 9, 25, 9, 3, 4, 1, 1, 0, 2, 2, 11, 8, 3, 16, 1, 3, 6, 16, 6, 2, 0, 1, 32, 7, 72, 34, 1, 3, 2, 6, 0, 3, 9, 17, 1, 2, 1, 1, 0, 0, 5, 1, 0, 1, 2, 4, 1, 1, 3, 6, 1, 0, 3, 0, 7, 1, 2, 0, 2, 1, 0, 7, 3, 4, 7, 17, 23, 10, 3, 9, 6, 0, 1, 5, 0, 3, 3, 6, 1, 1, 1, 5, 9, 4, 1, 6, 117, 1, 29, 18, 11, 6, 2, 1, 5, 4, 2, 26, 19, 3, 2, 3, 3, 4, 8, 4, 19, 49, 6, 40, 2, 5, 7, 46, 30, 1, 3, 6, 30, 3, 13, 40, 19, 20, 6, 6, 4, 14, 7, 25, 18, 2, 2, 27, 8, 4, 13, 53, 2, 13, 8, 5, 2, 6, 7, 34, 3, 2, 4, 6, 31, 8, 23, 10, 1, 3, 0, 5, 4, 9, 1, 20, 9, 1, 2, 2, 2, 0, 5, 8, 10, 4, 14, 37, 4, 3, 2, 21, 6, 0, 1, 1, 1, 2, 3, 7, 2, 2, 4, 3, 3, 8, 16, 12, 23, 0, 5, 4, 3, 6, 14, 2, 6, 8, 1, 5, 4, 1, 1, 3, 9, 14, 4, 0, 10, 10, 5, 21, 7, 3, 3, 8, 4, 11, 4, 5, 7, 2, 6, 5, 4, 2, 15, 0, 1, 12, 4, 4, 1, 0, 5, 5, 2, 3, 0, 0, 10, 3, 5, 2, 5, 5, 1, 4, 5, 6, 8, 3, 5, 4, 0, 5, 2, 2, 4, 3, 11, 5, 3, 12, 5, 2, 1, 3, 30, 3, 1, 12, 32, 3, 35, 77, 1, 5, 2, 3, 0, 3, 0, 7, 1, 0, 3, 1, 0, 0, 4, 3, 3, 1, 1, 3, 1, 1, 3, 8, 4, 1, 1, 1, 2, 2, 7, 6, 3, 4, 0, 7, 1, 0, 2, 5, 11, 4, 1, 2, 4, 1, 7, 6, 7, 4, 2, 6, 2, 2, 3, 3, 20, 13, 3, 12, 11, 12, 3, 63, 15, 10, 2, 1, 9, 2, 2, 23, 21, 3, 3, 9, 5, 7, 1, 5, 12, 1, 2, 8, 13, 5, 15, 28, 40, 3, 4, 8, 2, 1, 28, 48, 19, 2, 4, 22, 18, 7, 1, 160, 17, 3, 22, 3, 3, 1, 3, 5, 17, 22, 10, 23, 4, 5, 4, 40, 14, 1, 2, 6, 14, 0, 44, 29, 1, 3, 3, 1, 8, 5, 0, 70, 10, 1, 7, 5, 6, 1, 2, 1, 25, 9, 4, 18, 3, 9, 2, 69, 8, 2, 1, 1, 0, 2, 2, 5, 14, 16, 2, 0, 10, 5, 6, 4, 7, 4, 18, 1, 7, 2, 3, 8, 14, 0, 5, 13, 1, 1, 5, 6, 4, 4, 2, 6, 4, 4, 8, 4, 2, 3, 1, 2, 3, 0, 4, 1, 3, 4, 10, 10, 1, 5, 5, 0, 48, 13, 1, 24, 12, 12, 8, 27, 12, 0, 3, 2, 6, 6, 1, 5, 1, 11, 3, 8, 16, 5, 8, 9, 1, 4, 1, 6, 2, 2, 1, 1, 1, 7, 5, 0, 4, 1, 2, 1, 9, 3, 3, 3, 5, 2, 69, 15, 1, 3, 0, 4, 3, 5, 6, 13, 2, 0, 0, 1, 1, 0, 0, 2, 2, 1, 1, 0, 1, 2, 1, 3, 3, 0, 1, 2, 1, 2, 0, 1, 5, 9, 1, 3, 1, 4, 8, 5, 4, 7, 1, 6, 1, 2, 3, 10, 9, 1, 2, 4, 1, 1, 2, 6, 20, 9, 3, 8, 4, 3, 6, 14, 3, 0, 1, 6, 2, 2, 10, 12, 31, 6, 3, 1, 6, 1, 2, 3, 73, 21, 6, 22, 0, 3, 0, 30, 45, 4, 4, 2, 71, 5, 2, 4, 36, 21, 2, 5, 28, 3, 9, 2, 16, 3, 8, 15, 10, 3, 4, 20, 0, 15, 1, 17, 4, 3, 5, 24, 8, 3, 14, 6, 8, 6, 34, 74, 5, 10, 1, 9, 1, 7, 13, 33, 14, 5, 3, 0, 1, 0, 2, 2, 5, 24, 2, 24, 1, 4, 4, 10, 4, 1, 3, 0, 8, 1, 4, 4, 7, 4, 0, 2, 5, 3, 2, 9, 22, 2, 0, 2, 13, 1, 3, 4, 0, 16, 2, 12, 5, 1, 5, 17, 9, 16, 2, 9, 5, 5, 6, 7, 7, 1, 1, 8, 1, 6, 1, 7, 3, 2, 3, 4, 3, 2, 3, 5, 6, 35, 0, 4, 7, 1, 7, 15, 3, 1, 0, 2, 1, 2, 2, 8, 1, 6, 0, 4, 5, 6, 7, 14, 1, 5, 11, 1, 3, 0, 1, 4, 2, 2, 3, 6, 2, 1, 0, 4, 9, 10, 1, 1, 6, 5, 10, 31, 9, 3, 3, 0, 12, 4, 2, 54, 1, 0, 0, 3, 2, 0, 0, 0, 3, 2, 1, 7, 0, 1, 0, 1, 1, 0, 3, 1, 4, 2, 1, 1, 2, 0, 0, 3, 0, 5, 5, 17, 5, 1, 6, 8, 0, 1, 9, 4, 14, 10, 0, 8, 1, 3, 2, 9, 14, 8, 1, 5, 2, 1, 35, 85, 14, 19, 1, 4, 6, 1, 5, 56, 20, 5, 4, 15, 6, 0, 4, 2, 0, 26, 1, 1, 2, 3, 7, 5, 26, 6, 1, 7, 1, 14, 26, 14, 11, 7, 3, 24, 1, 9, 5, 221, y
1, 18, 29, 25, 6, 5, 65, 181, 26, 58, 7, 186, 7, 11, 5, 435, 39, 3, 3, 1, 57, 7, 110, 260, 3, 5, 2, 6, 10, 1, 14, 191, 23, 3, 7, 6, 2, 0, 10, 0, 47, 65, 1, 34, 2, 2, 0, 207, 11, 4, 1, 1, 5, 4, 1, 0, 4, 3, 4, 7, 2, 3, 9, 109, 18, 9, 6, 14, 1, 2, 3, 6, 0, 3, 2, 2, 2, 6, 2, 9, 8, 0, 2, 6, 4, 7, 12, 4, 4, 2, 1, 5, 9, 3, 4, 3, 28, 3, 1, 4, 14, 3, 4, 9, 104, 98, 6, 159, 3, 4, 1, 110, 7, 5, 0, 1, 5, 6, 6, 6, 7, 1, 1, 5, 2, 0, 14, 79, 3, 4, 0, 5, 3, 1, 2, 1, 4, 11, 2, 2, 1, 6, 6, 11, 15, 4, 6, 4, 33, 8, 2, 73, 4, 1, 1, 12, 6, 7, 7, 13, 0, 1, 1, 0, 1, 0, 4, 3, 6, 4, 0, 2, 2, 2, 1, 2, 6, 3, 3, 0, 5, 1, 0, 3, 4, 1, 0, 3, 2, 2, 6, 8, 0, 4, 2, 2, 1, 0, 2, 6, 2, 1, 1, 7, 1, 0, 2, 11, 44, 5, 5, 7, 168, 8, 6, 85, 7, 2, 4, 9, 2, 11, 6, 37, 74, 1, 2, 9, 3, 3, 6, 4, 54, 17, 4, 71, 5, 4, 14, 73, 209, 14, 1, 4, 30, 10, 25, 40, 65, 4, 2, 21, 27, 2, 29, 364, 144, 13, 15, 16, 2, 2, 3, 69, 65, 44, 6, 100, 2, 2, 4, 122, 1, 6, 7, 8, 14, 8, 50, 1, 5, 16, 2, 12, 3, 4, 6, 26, 29, 1, 4, 5, 1, 1, 6, 2, 59, 87, 23, 100, 8, 1, 8, 12, 12, 1, 0, 2, 3, 2, 1, 2, 20, 4, 0, 17, 4, 1, 3, 26, 34, 9, 8, 8, 3, 2, 8, 4, 34, 33, 1, 21, 3, 3, 7, 5, 8, 7, 8, 9, 9, 14, 23, 5, 8, 8, 10, 12, 1, 17, 2, 8, 46, 9, 6, 13, 3, 2, 5, 5, 177, 171, 20, 222, 1, 11, 8, 103, 9, 4, 3, 3, 6, 2, 8, 5, 0, 16, 0, 19, 4, 5, 7, 36, 14, 0, 3, 8, 1, 4, 9, 10, 15, 21, 11, 21, 0, 9, 5, 11, 62, 11, 10, 15, 15, 0, 127, 13, 8, 10, 3, 7, 10, 14, 1, 29, 4, 0, 3, 1, 0, 0, 0, 3, 11, 11, 1, 12, 0, 4, 2, 10, 1, 1, 4, 0, 3, 2, 3, 3, 2, 10, 3, 20, 3, 2, 5, 8, 30, 1, 2, 9, 1, 1, 5, 9, 17, 17, 4, 27, 2, 1, 1, 10, 82, 10, 1, 15, 13, 9, 71, 38, 21, 30, 1, 16, 5, 4, 5, 3, 45, 25, 8, 22, 6, 3, 0, 9, 100, 234, 4, 249, 3, 2, 16, 138, 50, 24, 1, 20, 44, 1, 34, 90, 79, 129, 10, 135, 15, 60, 11, 428, 47, 12, 4, 21, 17, 3, 24, 64, 48, 68, 3, 59, 0, 0, 2, 24, 66, 0, 2, 8, 66, 0, 133, 106, 2, 3, 2, 7, 9, 3, 1, 84, 15, 4, 11, 10, 2, 0, 14, 7, 57, 92, 0, 82, 4, 12, 11, 90, 0, 4, 1, 2, 2, 2, 9, 19, 10, 7, 2, 15, 15, 12, 14, 61, 15, 6, 5, 6, 6, 5, 2, 11, 9, 3, 8, 15, 1, 2, 8, 3, 3, 7, 1, 0, 4, 3, 7, 8, 2, 3, 3, 9, 5, 2, 5, 9, 29, 5, 13, 6, 2, 8, 4, 0, 137, 177, 1, 106, 5, 6, 5, 35, 3, 1, 1, 2, 8, 3, 9, 12, 23, 14, 2, 6, 6, 2, 5, 10, 0, 3, 2, 2, 9, 1, 2, 1, 12, 10, 2, 12, 1, 0, 2, 6, 66, 6, 7, 10, 71, 2, 168, 140, 17, 0, 0, 6, 3, 2, 7, 36, 2, 2, 1, 0, 1, 1, 0, 2, 0, 1, 1, 2, 1, 0, 1, 2, 2, 1, 1, 0, 3, 0, 1, 5, 4, 6, 2, 3, 2, 4, 7, 41, 62, 0, 3, 11, 2, 2, 4, 7, 12, 10, 1, 6, 2, 0, 3, 10, 110, 1, 12, 3, 84, 1, 134, 50, 2, 0, 0, 4, 3, 6, 10, 33, 26, 4, 11, 8, 5, 1, 8, 13, 108, 105, 6, 92, 9, 1, 6, 57, 57, 2, 12, 5, 126, 1, 60, 33, 60, 68, 8, 3, 66, 40, 16, 101, 92, 19, 78, 10, 28, 4, 45, 71, 24, 15, 16, 47, 0, 1, 6, 160, 12, 5, 21, 7, 2, 3, 136, 75, 3, 5, 0, 7, 2, 8, 19, 108, 1, 2, 3, 1, 0, 3, 6, 10, 2, 8, 2, 170, 4, 1, 3, 36, 2, 1, 1, 5, 6, 0, 7, 1, 7, 5, 5, 5, 6, 10, 11, 70, 86, 8, 35, 9, 3, 0, 6, 3, 11, 8, 0, 15, 0, 5, 9, 15, 5, 4, 6, 10, 13, 6, 16, 16, 5, 7, 14, 15, 6, 17, 12, 16, 26, 9, 11, 13, 8, 2, 9, 7, 77, 16, 16, 106, 6, 2, 26, 98, 7, 0, 1, 4, 11, 1, 22, 10, 3, 0, 3, 4, 10, 9, 13, 69, 10, 1, 7, 1, 4, 1, 1, 6, 0, 2, 1, 1, 4, 0, 2, 2, 19, 6, 18, 7, 17, 6, 72, 57, 7, 3, 1, 13, 10, 3, 6, 56, 2, 0, 1, 4, 1, 0, 0, 3, 0, 1, 2, 5, 0, 0, 2, 17, 0, 2, 1, 0, 2, 2, 16, 14, 6, 2, 2, 12, 0, 6, 7, 35, 37, 3, 11, 19, 14, 1, 14, 10, 12, 11, 0, 9, 2, 3, 2, 16, 57, 0, 33, 15, 107, 11, 148, 113, 7, 25, 2, 7, 3, 12, 18, 64, 8, 16, 13, 2, 6, 0, 10, 9, 23, 41, 6, 25, 7, 15, 6, 39, 90, 2, 6, 9, 23, 6, 81, 68, 42, 24, 2, 43, 9, 54, 48, 498, y
68, 0, 10, 18, 5, 0, 22, 131, 24, 11, 5, 17, 1, 5, 1, 279, 0, 2, 3, 4, 2, 18, 4, 253, 16, 0, 3, 11, 6, 4, 15, 195, 7, 3, 4, 7, 2, 3, 5, 3, 33, 9, 4, 73, 6, 2, 2, 68, 1, 5, 0, 1, 5, 0, 2, 9, 4, 2, 6, 1, 1, 1, 4, 28, 5, 1, 6, 6, 2, 1, 6, 1, 2, 3, 2, 5, 1, 1, 4, 1, 4, 1, 4, 3, 1, 3, 1, 3, 3, 0, 3, 0, 9, 5, 2, 8, 12, 4, 3, 2, 11, 2, 8, 9, 89, 56, 1, 79, 1, 8, 1, 33, 8, 1, 2, 1, 7, 3, 5, 5, 1, 7, 2, 8, 5, 1, 5, 21, 1, 3, 0, 7, 1, 1, 3, 5, 6, 6, 3, 3, 1, 5, 4, 15, 0, 2, 5, 7, 62, 4, 79, 15, 5, 2, 0, 8, 2, 9, 5, 40, 3, 0, 0, 0, 0, 0, 6, 2, 1, 1, 0, 0, 2, 0, 3, 8, 2, 2, 2, 0, 4, 1, 2, 1, 2, 2, 1, 2, 1, 4, 2, 37, 15, 14, 2, 3, 1, 1, 0, 3, 3, 1, 4, 8, 0, 3, 2, 5, 29, 8, 5, 9, 183, 8, 75, 10, 2, 0, 0, 2, 3, 8, 6, 6, 37, 3, 4, 3, 6, 4, 10, 2, 51, 66, 1, 61, 1, 0, 1, 23, 128, 9, 1, 2, 10, 4, 23, 9, 78, 1, 6, 4, 3, 4, 5, 49, 44, 18, 39, 25, 5, 6, 39, 89, 30, 26, 1, 26, 1, 5, 1, 152, 26, 4, 9, 1, 9, 9, 88, 113, 2, 4, 2, 10, 4, 4, 0, 86, 40, 4, 6, 2, 2, 0, 11, 10, 58, 74, 25, 78, 4, 0, 8, 17, 11, 2, 0, 0, 3, 1, 7, 8, 7, 1, 0, 11, 4, 3, 1, 12, 13, 4, 0, 9, 9, 0, 15, 11, 10, 19, 1, 29, 2, 3, 8, 16, 1, 7, 10, 7, 6, 16, 25, 7, 12, 7, 10, 10, 1, 15, 0, 15, 31, 4, 2, 9, 0, 1, 4, 4, 154, 66, 6, 176, 9, 8, 8, 17, 10, 1, 1, 8, 6, 1, 7, 0, 18, 8, 7, 24, 8, 0, 3, 12, 1, 1, 2, 12, 4, 3, 2, 5, 18, 20, 1, 21, 3, 11, 3, 8, 8, 9, 11, 10, 46, 5, 221, 109, 4, 10, 0, 12, 9, 0, 5, 25, 7, 1, 0, 3, 1, 0, 0, 2, 6, 4, 7, 16, 0, 1, 2, 6, 1, 1, 0, 1, 3, 0, 10, 4, 3, 4, 0, 12, 0, 0, 10, 21, 2, 2, 3, 8, 3, 1, 7, 5, 2, 13, 4, 5, 1, 0, 1, 16, 3, 15, 9, 3, 55, 5, 170, 26, 13, 13, 5, 11, 5, 3, 6, 1, 8, 18, 3, 19, 3, 6, 3, 3, 15, 226, 1, 168, 16, 2, 9, 80, 17, 23, 2, 29, 5, 9, 36, 8, 14, 136, 11, 143, 8, 61, 4, 297, 6, 8, 25, 7, 4, 0, 13, 14, 24, 35, 1, 23, 3, 4, 7, 28, 32, 8, 2, 2, 22, 2, 43, 33, 2, 8, 2, 5, 5, 6, 7, 96, 9, 3, 3, 5, 4, 1, 17, 0, 24, 4, 5, 9, 7, 11, 9, 53, 10, 1, 0, 0, 8, 1, 14, 3, 13, 12, 1, 4, 14, 6, 0, 34, 22, 2, 6, 4, 9, 1, 1, 2, 5, 11, 2, 1, 4, 4, 0, 1, 6, 3, 0, 3, 13, 4, 4, 6, 0, 4, 2, 4, 5, 0, 1, 1, 29, 7, 10, 11, 6, 5, 8, 0, 74, 39, 7, 10, 3, 10, 3, 6, 17, 1, 8, 0, 7, 1, 4, 7, 4, 9, 2, 4, 2, 0, 11, 5, 2, 2, 0, 7, 0, 1, 2, 5, 8, 3, 5, 8, 1, 0, 1, 1, 11, 2, 2, 7, 17, 0, 54, 44, 12, 4, 0, 9, 5, 0, 3, 6, 2, 0, 1, 1, 0, 0, 1, 0, 6, 1, 2, 0, 1, 0, 2, 1, 4, 2, 1, 1, 3, 0, 2, 5, 4, 2, 4, 9, 2, 0, 6, 7, 22, 3, 2, 13, 1, 1, 3, 13, 3, 13, 2, 5, 0, 1, 0, 1, 46, 8, 9, 4, 8, 0, 25, 15, 1, 3, 0, 8, 2, 2, 1, 10, 28, 8, 1, 0, 0, 3, 2, 6, 67, 32, 8, 44, 3, 8, 10, 41, 72, 9, 6, 6, 68, 6, 4, 14, 81, 34, 5, 6, 34, 3, 9, 29, 18, 15, 42, 9, 5, 3, 13, 7, 6, 3, 10, 50, 2, 0, 9, 10, 1, 0, 16, 3, 36, 0, 86, 53, 6, 12, 0, 13, 3, 7, 12, 25, 13, 5, 1, 1, 4, 0, 3, 5, 24, 7, 2, 58, 8, 1, 13, 11, 0, 1, 1, 0, 6, 3, 0, 6, 2, 7, 0, 1, 2, 1, 1, 36, 19, 1, 14, 11, 13, 3, 13, 11, 6, 6, 7, 14, 5, 1, 3, 18, 9, 3, 3, 1, 4, 13, 26, 16, 2, 1, 4, 3, 3, 3, 2, 6, 5, 4, 12, 3, 3, 1, 10, 12, 10, 62, 8, 18, 4, 5, 8, 82, 16, 3, 1, 1, 3, 1, 15, 6, 1, 2, 5, 2, 5, 6, 1, 35, 12, 1, 6, 6, 1, 0, 1, 5, 2, 6, 2, 6, 2, 1, 1, 3, 21, 7, 1, 5, 11, 2, 47, 3, 3, 4, 1, 1, 6, 1, 1, 38, 1, 0, 0, 5, 1, 0, 1, 1, 1, 3, 0, 6, 1, 0, 0, 7, 4, 2, 3, 1, 8, 1, 3, 1, 3, 6, 1, 1, 1, 2, 2, 9, 7, 8, 10, 14, 5, 0, 6, 10, 1, 7, 2, 5, 1, 1, 3, 9, 39, 0, 15, 6, 19, 0, 50, 81, 14, 13, 0, 14, 9, 1, 5, 37, 15, 13, 8, 8, 0, 2, 0, 2, 13, 16, 11, 2, 3, 4, 5, 13, 25, 0, 3, 8, 43, 17, 38, 6, 28, 1, 12, 22, 16, 26, 20, 341, y
66, 9, 71, 20, 11, 6, 17, 70, 51, 28, 14, 22, 0, 5, 4, 58, 8, 1, 4, 2, 26, 6, 57, 64, 9, 2, 0, 15, 7, 1, 8, 36, 21, 2, 14, 1, 11, 3, 1, 1, 22, 65, 20, 7, 1, 7, 13, 15, 7, 5, 3, 1, 1, 5, 3, 3, 12, 3, 1, 0, 6, 6, 17, 32, 67, 5, 18, 21, 5, 4, 3, 4, 21, 11, 1, 6, 1, 10, 0, 14, 16, 16, 10, 11, 14, 11, 24, 1, 8, 3, 1, 1, 3, 4, 2, 5, 20, 8, 1, 1, 10, 2, 1, 9, 114, 150, 10, 123, 0, 9, 6, 27, 13, 2, 1, 5, 11, 7, 4, 5, 13, 0, 1, 6, 1, 3, 6, 39, 7, 1, 1, 1, 3, 0, 6, 7, 7, 4, 7, 2, 3, 5, 5, 8, 8, 9, 3, 1, 2, 5, 63, 77, 1, 6, 1, 7, 6, 4, 2, 25, 2, 0, 1, 1, 0, 0, 6, 2, 0, 10, 0, 4, 2, 0, 3, 14, 3, 2, 4, 1, 3, 1, 10, 8, 4, 0, 2, 6, 8, 2, 5, 23, 10, 7, 9, 2, 3, 1, 1, 2, 9, 12, 5, 9, 2, 0, 1, 1, 1, 6, 0, 4, 42, 14, 58, 45, 12, 2, 3, 1, 5, 6, 3, 30, 25, 4, 5, 0, 4, 6, 7, 10, 91, 52, 2, 72, 8, 11, 1, 70, 113, 10, 1, 7, 50, 8, 2, 36, 6, 16, 1, 41, 21, 33, 18, 251, 92, 3, 23, 9, 13, 4, 58, 4, 1, 10, 11, 46, 1, 1, 9, 71, 19, 6, 13, 10, 66, 3, 98, 1, 0, 6, 1, 14, 8, 1, 8, 26, 5, 2, 0, 1, 1, 1, 8, 10, 16, 27, 3, 17, 10, 5, 6, 23, 4, 1, 1, 1, 10, 1, 8, 11, 4, 3, 2, 4, 6, 2, 2, 14, 44, 6, 24, 1, 9, 1, 2, 1, 1, 4, 3, 6, 1, 8, 4, 10, 1, 5, 0, 5, 10, 13, 2, 4, 4, 1, 3, 7, 10, 11, 4, 4, 23, 10, 16, 10, 4, 0, 6, 2, 35, 4, 2, 64, 4, 3, 6, 18, 0, 5, 2, 1, 10, 1, 7, 4, 2, 11, 0, 6, 2, 5, 5, 14, 9, 6, 1, 4, 4, 2, 2, 4, 2, 4, 3, 9, 6, 1, 5, 3, 48, 1, 4, 5, 15, 0, 19, 61, 1, 7, 3, 0, 7, 1, 14, 74, 3, 1, 0, 0, 1, 0, 0, 3, 1, 2, 1, 4, 0, 0, 2, 1, 0, 0, 2, 2, 0, 1, 1, 4, 7, 5, 1, 8, 3, 2, 2, 24, 28, 3, 1, 7, 9, 5, 14, 6, 1, 8, 1, 5, 4, 2, 1, 17, 87, 8, 14, 2, 73, 8, 185, 112, 9, 1, 3, 7, 8, 9, 6, 29, 55, 2, 9, 8, 3, 5, 5, 1, 53, 15, 5, 35, 9, 2, 10, 38, 57, 0, 0, 9, 64, 3, 77, 41, 47, 10, 4, 23, 20, 21, 45, 394, 90, 30, 20, 21, 20, 2, 17, 59, 24, 49, 10, 30, 1, 2, 2, 13, 16, 1, 5, 6, 42, 3, 89, 122, 7, 1, 0, 7, 3, 2, 8, 72, 2, 6, 9, 2, 1, 1, 7, 3, 12, 0, 4, 112, 1, 8, 1, 12, 0, 4, 1, 1, 5, 1, 8, 6, 8, 5, 3, 9, 2, 5, 8, 22, 16, 6, 17, 0, 16, 2, 7, 16, 4, 1, 4, 26, 7, 2, 3, 0, 2, 6, 2, 3, 10, 5, 7, 1, 4, 0, 1, 5, 1, 2, 5, 5, 11, 11, 3, 8, 1, 2, 1, 13, 12, 30, 1, 16, 4, 7, 6, 12, 10, 1, 5, 1, 1, 1, 8, 4, 2, 14, 1, 5, 1, 6, 8, 4, 5, 3, 3, 3, 4, 0, 4, 10, 6, 9, 3, 12, 2, 2, 1, 0, 12, 1, 1, 10, 55, 6, 165, 85, 3, 2, 0, 3, 1, 7, 3, 12, 9, 2, 1, 4, 0, 0, 1, 5, 3, 6, 0, 7, 2, 2, 1, 1, 0, 0, 1, 1, 3, 1, 8, 8, 8, 6, 1, 5, 5, 0, 3, 46, 59, 3, 12, 16, 1, 2, 8, 6, 11, 4, 2, 12, 2, 0, 0, 5, 25, 11, 18, 7, 60, 11, 149, 58, 1, 4, 5, 6, 4, 6, 11, 51, 28, 7, 1, 1, 4, 1, 2, 3, 53, 55, 0, 32, 3, 3, 1, 35, 14, 4, 3, 6, 7, 5, 12, 42, 1, 33, 7, 1, 35, 17, 12, 101, 27, 1, 11, 39, 11, 1, 12, 60, 40, 23, 2, 61, 7, 1, 6, 42, 47, 9, 12, 4, 29, 14, 110, 151, 10, 1, 1, 15, 14, 9, 25, 77, 5, 3, 1, 5, 4, 1, 6, 8, 10, 35, 1, 98, 4, 3, 0, 25, 2, 2, 2, 2, 7, 2, 1, 4, 2, 0, 1, 2, 4, 9, 0, 93, 2, 3, 13, 15, 13, 3, 9, 2, 3, 8, 7, 9, 4, 4, 7, 6, 6, 1, 13, 8, 7, 6, 10, 6, 9, 3, 2, 8, 3, 7, 5, 8, 9, 0, 10, 5, 3, 2, 1, 2, 55, 22, 6, 30, 8, 7, 7, 45, 10, 5, 1, 3, 10, 1, 5, 9, 15, 3, 3, 1, 6, 11, 5, 41, 11, 7, 14, 0, 2, 1, 1, 2, 7, 3, 3, 0, 3, 2, 1, 1, 6, 6, 8, 1, 68, 0, 143, 87, 3, 6, 1, 12, 13, 6, 7, 93, 0, 0, 3, 3, 0, 0, 0, 1, 3, 5, 1, 2, 1, 2, 2, 13, 11, 0, 1, 0, 3, 1, 4, 8, 3, 1, 1, 1, 8, 7, 1, 48, 27, 2, 4, 10, 8, 1, 1, 4, 6, 1, 3, 5, 1, 4, 1, 6, 2, 4, 9, 4, 41, 3, 1, 54, 9, 8, 0, 1, 1, 1, 18, 30, 18, 5, 5, 12, 2, 1, 13, 1, 143, 37, 1, 6, 3, 13, 1, 2, 8, 0, 5, 6, 31, 4, 33, 65, 34, 30, 2, 8, 23, 33, 6, 203, y
133, 28, 19, 48, 5, 11, 38, 43, 22, 43, 9, 121, 2, 7, 5, 112, 21, 11, 1, 14, 13, 3, 49, 54, 12, 2, 1, 5, 2, 7, 3, 75, 7, 5, 1, 10, 3, 1, 8, 6, 1, 43, 5, 67, 2, 2, 3, 120, 15, 2, 2, 3, 1, 5, 3, 18, 2, 0, 2, 1, 0, 3, 8, 50, 1, 8, 9, 2, 1, 1, 6, 3, 10, 8, 3, 10, 3, 4, 2, 8, 4, 2, 1, 1, 6, 6, 3, 19, 3, 1, 3, 5, 6, 6, 1, 14, 3, 3, 8, 3, 8, 3, 13, 2, 20, 88, 0, 45, 8, 2, 2, 85, 1, 3, 1, 3, 5, 6, 2, 10, 10, 3, 0, 3, 0, 5, 3, 48, 9, 3, 0, 6, 4, 2, 1, 2, 8, 12, 5, 3, 0, 5, 1, 19, 18, 1, 6, 10, 36, 3, 69, 18, 6, 1, 1, 6, 3, 1, 2, 28, 7, 7, 6, 11, 2, 9, 1, 1, 4, 1, 3, 9, 0, 1, 2, 1, 4, 1, 1, 2, 8, 1, 4, 4, 1, 4, 1, 1, 1, 0, 0, 54, 6, 10, 8, 4, 4, 0, 2, 9, 3, 3, 3, 10, 2, 1, 2, 12, 98, 4, 0, 3, 15, 13, 61, 6, 6, 1, 2, 1, 2, 8, 4, 20, 10, 2, 1, 1, 4, 4, 4, 5, 69, 36, 4, 12, 1, 3, 0, 29, 126, 24, 5, 5, 120, 1, 19, 6, 24, 6, 1, 24, 35, 2, 4, 142, 32, 12, 63, 64, 11, 5, 84, 180, 10, 1, 5, 62, 9, 9, 2, 311, 52, 2, 3, 7, 11, 10, 106, 248, 3, 4, 0, 10, 1, 7, 1, 164, 12, 3, 2, 6, 2, 0, 3, 0, 26, 36, 7, 9, 3, 3, 3, 59, 6, 1, 2, 0, 5, 3, 1, 12, 2, 3, 2, 5, 6, 7, 6, 35, 14, 2, 12, 10, 12, 1, 10, 19, 1, 1, 2, 0, 1, 6, 8, 18, 7, 5, 1, 4, 3, 9, 16, 19, 9, 8, 8, 13, 2, 13, 4, 15, 3, 4, 11, 4, 4, 2, 2, 9, 97, 4, 6, 35, 6, 3, 6, 23, 1, 2, 1, 1, 3, 1, 2, 1, 6, 8, 1, 6, 8, 4, 1, 26, 4, 0, 0, 8, 4, 2, 2, 4, 14, 8, 17, 9, 3, 13, 0, 5, 24, 2, 2, 10, 24, 4, 176, 172, 1, 13, 0, 1, 1, 8, 7, 5, 1, 0, 1, 0, 1, 1, 0, 1, 6, 1, 2, 0, 0, 1, 5, 1, 7, 3, 3, 3, 1, 1, 4, 5, 2, 9, 2, 10, 12, 2, 0, 34, 9, 8, 15, 4, 4, 0, 7, 13, 3, 1, 1, 8, 2, 0, 0, 6, 26, 7, 7, 2, 19, 4, 139, 53, 23, 9, 0, 2, 4, 6, 5, 48, 6, 5, 5, 6, 1, 7, 5, 7, 106, 97, 1, 55, 4, 5, 9, 13, 80, 1, 0, 5, 8, 1, 10, 33, 87, 47, 2, 38, 39, 56, 24, 92, 110, 9, 41, 3, 6, 2, 13, 12, 47, 26, 11, 22, 8, 7, 16, 11, 22, 2, 3, 3, 21, 5, 2, 37, 10, 3, 2, 7, 1, 2, 7, 2, 23, 1, 5, 2, 8, 1, 2, 5, 43, 28, 3, 82, 15, 0, 7, 7, 2, 3, 2, 2, 6, 2, 4, 5, 23, 3, 1, 2, 1, 5, 9, 48, 42, 1, 3, 2, 3, 5, 8, 2, 6, 7, 3, 2, 2, 7, 7, 6, 11, 11, 5, 6, 2, 9, 4, 4, 5, 0, 3, 8, 5, 2, 5, 3, 2, 7, 14, 13, 1, 8, 4, 2, 13, 29, 1, 59, 24, 14, 4, 32, 1, 2, 4, 4, 7, 1, 3, 0, 19, 5, 3, 7, 4, 1, 3, 21, 15, 2, 2, 6, 1, 1, 1, 2, 5, 1, 1, 5, 3, 0, 3, 6, 26, 6, 5, 2, 16, 3, 28, 60, 6, 1, 0, 16, 6, 1, 1, 15, 5, 1, 2, 4, 0, 0, 1, 2, 4, 1, 8, 1, 1, 3, 1, 11, 2, 2, 0, 1, 3, 0, 4, 1, 8, 3, 1, 1, 11, 1, 7, 38, 2, 11, 3, 9, 4, 1, 1, 8, 2, 1, 4, 9, 1, 0, 6, 0, 8, 1, 3, 7, 59, 4, 8, 6, 11, 0, 1, 12, 1, 4, 2, 26, 28, 5, 5, 3, 4, 0, 6, 3, 5, 55, 0, 24, 1, 6, 1, 35, 140, 8, 4, 13, 26, 4, 47, 36, 28, 17, 7, 13, 17, 20, 19, 238, 186, 33, 8, 27, 1, 1, 13, 2, 25, 43, 3, 17, 1, 2, 9, 23, 49, 5, 3, 5, 46, 1, 17, 64, 9, 15, 3, 4, 13, 11, 12, 14, 20, 4, 1, 3, 3, 1, 6, 2, 25, 12, 1, 130, 4, 1, 14, 9, 2, 0, 3, 2, 2, 3, 14, 5, 10, 6, 0, 5, 6, 3, 7, 6, 34, 4, 1, 2, 18, 2, 8, 7, 11, 23, 0, 2, 0, 5, 8, 2, 20, 3, 6, 0, 7, 7, 9, 2, 6, 8, 12, 6, 10, 4, 6, 4, 36, 5, 1, 7, 8, 3, 5, 8, 39, 39, 2, 46, 18, 1, 8, 27, 7, 2, 3, 1, 12, 1, 14, 2, 8, 8, 2, 4, 12, 0, 10, 8, 46, 0, 23, 0, 2, 1, 7, 6, 10, 4, 1, 7, 4, 1, 1, 7, 43, 7, 12, 22, 32, 2, 111, 12, 5, 7, 0, 6, 3, 1, 8, 39, 0, 1, 2, 4, 0, 1, 0, 0, 4, 3, 3, 2, 1, 2, 1, 8, 7, 0, 2, 0, 1, 2, 9, 1, 1, 4, 0, 3, 2, 4, 3, 6, 47, 14, 6, 1, 2, 0, 1, 1, 13, 18, 1, 8, 0, 2, 1, 2, 41, 16, 0, 9, 169, 2, 58, 9, 1, 1, 3, 8, 2, 1, 3, 3, 62, 15, 6, 18, 5, 1, 15, 12, 90, 56, 6, 36, 12, 0, 10, 67, 154, 10, 11, 10, 32, 9, 42, 91, 69, 37, 6, 7, 77, 5, 45, 0, n
54, 18, 54, 12, 5, 3, 4, 20, 28, 16, 2, 57, 2, 6, 8, 244, 32, 1, 5, 13, 13, 4, 49, 136, 19, 2, 1, 1, 4, 12, 4, 82, 14, 3, 5, 3, 0, 2, 1, 11, 11, 67, 3, 215, 8, 5, 6, 50, 1, 1, 1, 2, 2, 1, 2, 13, 4, 7, 2, 0, 9, 5, 4, 10, 44, 6, 9, 15, 0, 0, 2, 3, 7, 9, 3, 6, 0, 5, 3, 13, 3, 1, 3, 1, 6, 1, 10, 2, 7, 13, 2, 8, 9, 2, 8, 17, 13, 10, 6, 7, 11, 3, 12, 5, 2, 83, 1, 110, 6, 3, 1, 19, 10, 2, 0, 4, 1, 5, 6, 12, 8, 1, 1, 2, 7, 2, 7, 16, 2, 0, 4, 5, 0, 1, 3, 1, 12, 10, 4, 6, 2, 5, 4, 21, 3, 3, 3, 3, 19, 5, 82, 44, 4, 1, 0, 12, 1, 3, 9, 25, 3, 1, 0, 0, 0, 0, 6, 0, 2, 1, 2, 7, 1, 1, 3, 12, 2, 2, 0, 2, 6, 0, 8, 2, 3, 1, 4, 2, 1, 4, 1, 32, 10, 13, 2, 2, 5, 1, 4, 14, 1, 2, 5, 2, 1, 1, 2, 6, 44, 4, 0, 3, 42, 12, 64, 11, 2, 1, 1, 6, 3, 6, 3, 14, 33, 3, 5, 3, 2, 5, 0, 11, 10, 3, 11, 3, 4, 4, 10, 61, 158, 0, 3, 7, 40, 6, 13, 28, 67, 24, 0, 0, 2, 24, 36, 55, 20, 18, 57, 25, 13, 15, 21, 14, 14, 16, 13, 32, 20, 5, 7, 60, 56, 7, 9, 8, 16, 12, 79, 51, 7, 6, 2, 4, 4, 6, 6, 41, 3, 1, 5, 4, 1, 0, 9, 8, 15, 1, 14, 31, 3, 0, 11, 37, 8, 5, 4, 3, 12, 2, 8, 7, 4, 3, 3, 7, 1, 10, 2, 14, 10, 2, 8, 11, 1, 0, 8, 5, 3, 1, 5, 0, 4, 1, 5, 11, 1, 8, 8, 9, 3, 15, 12, 7, 13, 9, 12, 9, 0, 13, 4, 17, 0, 0, 6, 1, 0, 1, 10, 1, 1, 201, 3, 30, 3, 1, 7, 6, 2, 4, 1, 2, 9, 1, 3, 6, 10, 3, 2, 1, 9, 2, 0, 3, 3, 4, 1, 6, 1, 2, 1, 5, 6, 4, 3, 5, 6, 0, 2, 9, 13, 1, 6, 10, 46, 3, 86, 117, 2, 1, 1, 1, 3, 3, 4, 8, 0, 0, 5, 1, 0, 0, 1, 2, 2, 1, 3, 1, 1, 2, 2, 2, 0, 1, 2, 1, 2, 3, 8, 14, 2, 6, 2, 7, 3, 2, 4, 37, 7, 7, 1, 6, 6, 1, 3, 4, 8, 1, 2, 1, 1, 0, 1, 10, 42, 4, 2, 7, 174, 7, 109, 19, 11, 4, 1, 0, 14, 8, 4, 45, 13, 1, 4, 9, 8, 3, 4, 17, 38, 10, 1, 5, 14, 2, 9, 29, 119, 0, 1, 7, 29, 0, 13, 47, 22, 12, 1, 24, 19, 19, 7, 418, 35, 14, 2, 9, 6, 1, 7, 25, 33, 8, 12, 45, 6, 6, 7, 221, 14, 1, 15, 6, 5, 6, 66, 56, 1, 2, 1, 8, 14, 3, 4, 53, 3, 6, 1, 14, 6, 1, 2, 5, 8, 65, 1, 267, 9, 12, 10, 72, 1, 2, 0, 1, 7, 1, 8, 1, 10, 2, 2, 1, 4, 7, 15, 2, 14, 2, 13, 13, 9, 3, 3, 4, 7, 4, 1, 4, 0, 4, 5, 1, 3, 9, 5, 8, 5, 10, 4, 1, 5, 5, 4, 6, 2, 0, 6, 3, 10, 2, 16, 2, 2, 9, 9, 7, 7, 89, 7, 68, 15, 9, 1, 64, 4, 0, 0, 3, 15, 1, 3, 0, 8, 7, 5, 6, 7, 8, 7, 21, 12, 2, 3, 1, 5, 2, 0, 0, 1, 4, 0, 16, 5, 2, 2, 7, 7, 1, 6, 1, 14, 2, 51, 69, 9, 2, 0, 11, 7, 1, 0, 14, 1, 0, 2, 1, 1, 1, 0, 1, 4, 4, 3, 15, 3, 1, 1, 3, 1, 0, 4, 1, 0, 0, 8, 1, 6, 8, 3, 2, 11, 5, 6, 14, 6, 1, 3, 1, 0, 1, 1, 10, 4, 12, 0, 5, 1, 2, 0, 3, 61, 0, 0, 12, 41, 7, 16, 16, 7, 4, 1, 5, 3, 5, 3, 29, 32, 3, 7, 2, 9, 0, 3, 0, 30, 49, 5, 33, 6, 1, 0, 16, 195, 8, 2, 12, 66, 2, 54, 29, 7, 16, 5, 8, 7, 11, 11, 67, 57, 15, 8, 30, 19, 3, 17, 51, 8, 10, 6, 46, 3, 4, 1, 52, 28, 4, 2, 3, 45, 1, 78, 156, 1, 1, 1, 11, 3, 3, 4, 62, 0, 4, 1, 2, 2, 0, 6, 1, 4, 31, 8, 106, 3, 3, 2, 120, 10, 1, 1, 6, 11, 0, 3, 3, 5, 3, 1, 7, 1, 9, 2, 20, 28, 3, 8, 8, 8, 2, 13, 2, 2, 2, 3, 2, 3, 6, 7, 3, 1, 0, 9, 4, 4, 3, 1, 2, 1, 3, 1, 8, 1, 0, 4, 1, 12, 2, 3, 5, 0, 1, 0, 8, 77, 106, 4, 62, 7, 1, 1, 21, 5, 2, 6, 3, 8, 4, 1, 3, 0, 1, 2, 13, 3, 14, 5, 32, 3, 3, 12, 4, 2, 0, 0, 4, 2, 1, 0, 4, 4, 0, 4, 2, 2, 4, 5, 18, 122, 4, 55, 100, 2, 2, 1, 5, 7, 6, 2, 7, 4, 2, 1, 3, 3, 0, 2, 1, 1, 1, 0, 1, 0, 1, 1, 13, 1, 0, 2, 0, 8, 1, 1, 10, 5, 1, 2, 4, 3, 5, 13, 17, 5, 11, 7, 1, 7, 1, 7, 7, 17, 11, 1, 3, 1, 1, 1, 1, 17, 12, 1, 2, 329, 3, 74, 32, 11, 4, 0, 6, 6, 4, 7, 11, 78, 7, 1, 7, 0, 1, 7, 10, 167, 66, 11, 37, 10, 1, 6, 31, 123, 3, 9, 7, 91, 7, 51, 33, 89, 15, 4, 6, 7, 22, 14, 57, n
53, 20, 106, 8, 50, 11, 67, 40, 57, 61, 12, 5, 8, 7, 8, 101, 52, 10, 12, 16, 33, 3, 26, 152, 19, 13, 2, 7, 7, 5, 7, 153, 53, 1, 32, 2, 9, 2, 10, 9, 49, 59, 46, 569, 0, 1, 17, 41, 5, 1, 1, 1, 6, 0, 2, 15, 11, 0, 3, 5, 6, 2, 1, 47, 118, 9, 17, 2, 33, 2, 19, 4, 4, 1, 0, 17, 1, 3, 4, 19, 11, 2, 3, 4, 86, 5, 22, 13, 0, 1, 3, 4, 9, 1, 4, 22, 59, 5, 4, 2, 4, 2, 5, 14, 35, 193, 1, 27, 5, 3, 7, 116, 0, 0, 1, 3, 39, 5, 1, 17, 0, 5, 0, 6, 2, 2, 0, 52, 27, 2, 7, 6, 6, 1, 7, 3, 11, 9, 1, 12, 3, 2, 1, 10, 28, 10, 10, 9, 142, 8, 244, 20, 5, 11, 2, 4, 1, 21, 1, 13, 1, 3, 1, 4, 4, 2, 0, 2, 2, 19, 4, 53, 4, 1, 1, 12, 3, 2, 2, 4, 10, 2, 19, 2, 1, 8, 0, 27, 0, 10, 7, 86, 76, 7, 5, 1, 9, 0, 7, 9, 4, 3, 5, 1, 2, 1, 4, 1, 174, 12, 11, 10, 785, 71, 213, 26, 7, 7, 4, 6, 11, 28, 4, 27, 14, 2, 1, 4, 1, 5, 2, 15, 41, 18, 8, 24, 0, 0, 5, 76, 70, 15, 2, 11, 210, 24, 6, 56, 56, 1, 6, 52, 51, 128, 12, 133, 83, 85, 23, 79, 4, 5, 44, 79, 17, 102, 8, 10, 3, 7, 4, 84, 47, 3, 22, 21, 33, 9, 18, 33, 2, 3, 0, 2, 8, 5, 12, 94, 41, 5, 4, 2, 5, 2, 2, 7, 21, 115, 8, 60, 12, 12, 0, 24, 7, 0, 1, 2, 7, 1, 34, 9, 1, 1, 2, 12, 12, 1, 22, 87, 7, 25, 17, 0, 9, 1, 17, 15, 22, 60, 2, 18, 1, 0, 7, 8, 9, 3, 11, 9, 1, 13, 21, 17, 9, 6, 10, 13, 3, 16, 3, 26, 19, 2, 12, 2, 6, 2, 2, 4, 244, 504, 12, 112, 22, 55, 3, 77, 3, 0, 4, 1, 10, 4, 1, 2, 5, 12, 1, 9, 5, 16, 19, 83, 71, 10, 26, 6, 2, 0, 4, 1, 18, 17, 2, 1, 0, 0, 1, 4, 55, 8, 49, 23, 61, 8, 153, 71, 7, 7, 2, 2, 2, 5, 2, 6, 7, 1, 7, 4, 1, 5, 2, 3, 8, 0, 1, 4, 2, 1, 3, 10, 5, 4, 7, 9, 10, 2, 24, 13, 7, 9, 1, 8, 12, 5, 18, 17, 62, 15, 2, 7, 4, 6, 10, 3, 39, 25, 3, 6, 8, 2, 1, 6, 31, 3, 1, 9, 2, 2, 168, 131, 9, 1, 1, 7, 5, 0, 8, 57, 47, 14, 0, 4, 1, 5, 2, 8, 328, 299, 3, 59, 17, 24, 15, 23, 43, 8, 5, 3, 20, 2, 21, 69, 88, 31, 9, 45, 58, 66, 61, 37, 78, 24, 44, 31, 5, 2, 9, 23, 7, 35, 13, 17, 1, 4, 3, 145, 9, 5, 10, 3, 31, 6, 151, 44, 14, 2, 1, 2, 5, 3, 6, 25, 5, 10, 10, 6, 8, 0, 9, 9, 2, 143, 15, 257, 4, 13, 7, 3, 0, 2, 2, 1, 3, 1, 18, 13, 17, 17, 3, 10, 1, 6, 1, 7, 21, 11, 9, 8, 8, 0, 3, 1, 14, 12, 2, 17, 1, 4, 8, 10, 14, 9, 8, 8, 13, 9, 3, 6, 4, 3, 5, 9, 3, 0, 7, 6, 14, 1, 13, 4, 3, 7, 0, 1, 98, 673, 1, 194, 6, 24, 6, 5, 4, 3, 5, 3, 1, 3, 4, 2, 26, 6, 2, 4, 3, 19, 19, 34, 45, 9, 16, 14, 11, 0, 11, 2, 6, 16, 1, 9, 5, 4, 0, 8, 46, 3, 42, 29, 104, 4, 459, 138, 4, 3, 1, 1, 0, 9, 15, 1, 1, 7, 3, 4, 3, 2, 1, 3, 3, 7, 1, 6, 0, 1, 1, 8, 6, 0, 6, 4, 3, 5, 40, 22, 3, 9, 1, 9, 4, 8, 20, 58, 40, 12, 10, 6, 4, 0, 5, 3, 8, 9, 0, 3, 1, 0, 6, 1, 63, 6, 5, 2, 219, 4, 165, 1, 10, 3, 1, 8, 1, 13, 3, 36, 71, 4, 2, 3, 2, 1, 3, 2, 47, 114, 2, 47, 4, 9, 11, 13, 242, 6, 1, 13, 78, 4, 14, 10, 120, 8, 6, 16, 0, 26, 9, 9, 96, 20, 21, 21, 28, 10, 24, 8, 12, 6, 18, 90, 4, 6, 2, 53, 28, 7, 12, 2, 1, 6, 6, 73, 11, 6, 1, 5, 1, 3, 6, 16, 45, 1, 23, 9, 5, 4, 0, 1, 6, 72, 18, 443, 5, 1, 13, 108, 14, 1, 0, 4, 5, 1, 6, 2, 9, 3, 1, 1, 1, 6, 2, 32, 19, 5, 7, 1, 4, 0, 2, 3, 5, 6, 3, 8, 2, 5, 7, 6, 3, 1, 11, 12, 7, 6, 5, 2, 8, 2, 2, 9, 1, 4, 6, 5, 44, 4, 11, 4, 12, 2, 3, 2, 7, 155, 11, 182, 11, 1, 3, 50, 19, 7, 7, 7, 29, 9, 18, 8, 5, 8, 7, 10, 8, 15, 8, 36, 0, 11, 4, 9, 2, 2, 1, 1, 14, 10, 3, 26, 4, 5, 8, 7, 23, 3, 1, 8, 80, 2, 168, 31, 2, 2, 1, 4, 11, 12, 3, 41, 3, 4, 3, 3, 2, 1, 2, 3, 4, 7, 6, 29, 7, 2, 2, 20, 4, 2, 0, 3, 1, 0, 2, 3, 0, 6, 4, 20, 1, 12, 5, 35, 11, 2, 0, 8, 13, 5, 15, 6, 4, 3, 0, 4, 3, 8, 4, 16, 1, 7, 3, 8, 395, 19, 168, 36, 6, 29, 1, 4, 2, 3, 6, 41, 58, 10, 5, 8, 2, 1, 6, 2, 146, 24, 5, 10, 2, 9, 9, 18, 118, 26, 1, 1, 19, 3, 18, 2, 98, 29, 1, 65, 1, 44, 11, 222, n
140, 27, 18, 28, 13, 11, 19, 5, 27, 25, 7, 90, 8, 9, 9, 181, 18, 9, 10, 19, 23, 1, 6, 19, 5, 5, 2, 2, 5, 10, 1, 49, 11, 2, 6, 2, 4, 1, 10, 2, 24, 66, 5, 191, 4, 3, 3, 79, 5, 6, 1, 0, 6, 1, 8, 11, 4, 1, 6, 7, 1, 1, 4, 7, 13, 8, 2, 1, 3, 3, 8, 4, 1, 8, 5, 19, 2, 1, 4, 6, 2, 3, 3, 3, 3, 5, 5, 19, 2, 0, 4, 2, 10, 8, 3, 14, 27, 0, 12, 6, 9, 2, 13, 3, 20, 26, 13, 37, 10, 2, 4, 4, 14, 4, 1, 3, 2, 5, 1, 6, 0, 3, 1, 4, 9, 1, 1, 13, 22, 5, 7, 9, 2, 2, 6, 5, 11, 13, 6, 3, 2, 4, 5, 19, 26, 2, 10, 8, 77, 7, 110, 28, 6, 4, 1, 11, 4, 1, 6, 63, 2, 6, 6, 2, 2, 2, 5, 0, 3, 2, 0, 2, 2, 2, 5, 2, 1, 4, 3, 3, 2, 1, 2, 2, 2, 3, 0, 2, 7, 8, 10, 72, 7, 11, 0, 5, 2, 2, 1, 8, 6, 4, 4, 3, 1, 0, 3, 19, 46, 11, 4, 11, 211, 6, 87, 6, 8, 7, 1, 4, 3, 9, 1, 41, 31, 1, 3, 2, 0, 5, 2, 12, 69, 31, 1, 22, 6, 0, 6, 12, 66, 4, 1, 4, 58, 5, 21, 39, 65, 55, 3, 1, 24, 39, 8, 234, 65, 9, 51, 54, 10, 1, 67, 178, 56, 38, 8, 29, 8, 12, 1, 364, 92, 3, 0, 1, 27, 11, 123, 342, 17, 2, 0, 6, 8, 11, 16, 209, 1, 1, 1, 6, 2, 2, 5, 2, 6, 26, 9, 124, 6, 6, 3, 3, 3, 2, 0, 1, 5, 0, 5, 4, 7, 0, 4, 4, 1, 9, 6, 56, 11, 3, 12, 11, 2, 0, 15, 14, 5, 6, 0, 3, 4, 6, 8, 16, 8, 9, 11, 7, 7, 15, 25, 6, 12, 10, 12, 8, 0, 11, 5, 15, 3, 6, 3, 10, 9, 6, 10, 9, 47, 13, 20, 57, 3, 5, 3, 50, 4, 3, 1, 1, 14, 2, 2, 6, 2, 5, 2, 4, 12, 10, 6, 39, 9, 6, 4, 5, 0, 0, 3, 10, 1, 5, 3, 6, 7, 3, 1, 14, 11, 7, 2, 1, 81, 5, 134, 132, 3, 1, 0, 7, 5, 1, 1, 39, 6, 3, 0, 1, 0, 0, 0, 3, 6, 1, 2, 1, 2, 1, 2, 1, 0, 0, 2, 1, 2, 2, 3, 1, 5, 1, 0, 3, 5, 4, 4, 57, 15, 0, 10, 0, 4, 3, 2, 11, 2, 3, 4, 6, 1, 1, 0, 8, 66, 6, 8, 8, 35, 11, 131, 79, 0, 1, 0, 4, 5, 4, 8, 35, 18, 2, 2, 5, 1, 6, 3, 13, 55, 43, 3, 35, 13, 3, 5, 45, 126, 11, 3, 1, 59, 6, 19, 55, 2, 7, 0, 35, 6, 13, 6, 138, 78, 3, 17, 12, 6, 2, 27, 59, 54, 57, 13, 108, 11, 1, 11, 164, 43, 2, 9, 6, 17, 2, 58, 37, 15, 3, 1, 12, 3, 5, 10, 45, 7, 2, 2, 1, 5, 0, 2, 9, 29, 62, 3, 82, 6, 7, 1, 93, 5, 0, 5, 3, 4, 2, 0, 4, 15, 5, 1, 0, 3, 9, 7, 39, 22, 6, 9, 6, 2, 3, 2, 1, 4, 1, 1, 0, 1, 3, 1, 5, 8, 6, 5, 7, 1, 7, 4, 8, 2, 2, 2, 4, 5, 4, 6, 14, 20, 5, 14, 11, 2, 8, 6, 4, 70, 139, 14, 104, 15, 7, 6, 84, 1, 0, 8, 5, 0, 2, 3, 3, 4, 3, 6, 10, 13, 4, 1, 30, 6, 1, 0, 7, 4, 2, 2, 4, 3, 11, 1, 12, 2, 2, 4, 9, 9, 4, 2, 2, 0, 0, 82, 45, 0, 2, 2, 15, 1, 2, 0, 19, 3, 4, 1, 1, 0, 1, 3, 0, 9, 1, 1, 4, 4, 2, 2, 7, 1, 1, 7, 1, 0, 1, 3, 6, 9, 4, 3, 6, 5, 3, 11, 21, 14, 3, 0, 11, 3, 1, 7, 11, 3, 8, 1, 11, 1, 1, 2, 4, 40, 2, 5, 8, 50, 3, 45, 37, 9, 1, 3, 10, 13, 6, 2, 3, 28, 4, 4, 3, 8, 1, 1, 7, 18, 41, 1, 22, 5, 2, 0, 25, 131, 9, 3, 19, 46, 1, 66, 51, 17, 26, 6, 29, 16, 8, 32, 315, 201, 31, 38, 29, 16, 0, 30, 18, 31, 38, 3, 24, 3, 1, 12, 94, 61, 5, 0, 10, 56, 2, 39, 91, 11, 8, 1, 4, 7, 10, 4, 5, 15, 2, 7, 5, 1, 0, 7, 5, 39, 0, 3, 64, 6, 4, 8, 24, 5, 1, 2, 1, 1, 2, 13, 14, 15, 10, 0, 2, 2, 6, 6, 33, 51, 3, 7, 0, 12, 1, 5, 3, 0, 13, 6, 14, 2, 3, 0, 4, 12, 8, 6, 7, 8, 2, 12, 13, 2, 2, 3, 7, 4, 0, 4, 0, 41, 4, 4, 2, 6, 2, 10, 3, 72, 63, 1, 26, 14, 5, 1, 0, 0, 1, 1, 2, 8, 1, 15, 3, 4, 7, 1, 7, 8, 4, 5, 8, 34, 0, 13, 8, 2, 0, 6, 6, 9, 8, 1, 12, 1, 1, 2, 11, 95, 10, 12, 19, 38, 4, 25, 48, 10, 2, 1, 2, 2, 0, 10, 24, 1, 0, 3, 3, 0, 0, 0, 0, 3, 3, 0, 3, 1, 1, 0, 4, 6, 0, 3, 1, 5, 1, 16, 6, 3, 7, 3, 7, 2, 6, 1, 1, 76, 15, 10, 0, 2, 1, 5, 1, 17, 24, 0, 9, 3, 1, 2, 1, 122, 10, 16, 6, 129, 9, 35, 15, 9, 4, 1, 2, 3, 1, 0, 6, 118, 10, 9, 18, 6, 2, 20, 18, 148, 75, 9, 47, 23, 1, 14, 80, 271, 8, 8, 14, 95, 5, 87, 96, 90, 13, 0, 1, 67, 32, 54, 27, n
145, 16, 15, 125, 16, 14, 31, 42, 30, 9, 1, 43, 12, 5, 18, 229, 74, 10, 8, 17, 36, 0, 46, 58, 15, 6, 1, 7, 11, 13, 9, 96, 19, 4, 3, 1, 1, 1, 10, 8, 19, 37, 5, 111, 4, 0, 9, 53, 2, 1, 2, 1, 5, 1, 12, 19, 10, 3, 2, 2, 2, 2, 1, 4, 2, 6, 1, 1, 3, 0, 6, 7, 1, 7, 4, 1, 3, 2, 5, 15, 5, 3, 3, 6, 0, 6, 4, 12, 1, 0, 2, 0, 10, 6, 3, 17, 6, 1, 5, 2, 14, 3, 14, 2, 36, 283, 5, 258, 4, 10, 12, 23, 5, 1, 2, 2, 1, 6, 7, 10, 12, 9, 1, 13, 2, 1, 1, 27, 10, 1, 9, 7, 3, 0, 6, 9, 13, 14, 6, 4, 3, 3, 6, 18, 22, 1, 9, 10, 88, 8, 108, 45, 8, 4, 0, 2, 1, 2, 9, 88, 3, 0, 0, 0, 0, 0, 6, 0, 4, 0, 1, 10, 2, 2, 3, 10, 1, 1, 3, 2, 0, 0, 5, 1, 4, 2, 0, 3, 8, 8, 9, 72, 1, 11, 8, 2, 1, 1, 4, 13, 3, 6, 5, 4, 0, 1, 1, 8, 21, 6, 1, 10, 248, 1, 37, 46, 8, 6, 1, 3, 3, 8, 8, 48, 20, 1, 3, 4, 1, 6, 9, 6, 54, 7, 1, 48, 1, 6, 5, 19, 12, 9, 0, 4, 38, 3, 20, 37, 28, 25, 1, 8, 6, 36, 18, 3091, 95, 3, 5, 46, 12, 30, 36, 111, 37, 0, 5, 38, 6, 5, 4, 45, 40, 3, 5, 5, 33, 8, 31, 129, 5, 3, 1, 5, 3, 0, 1, 63, 7, 1, 2, 6, 1, 0, 4, 4, 22, 5, 5, 5, 2, 2, 3, 30, 3, 2, 0, 1, 1, 0, 1, 9, 5, 0, 3, 1, 2, 7, 6, 27, 33, 3, 11, 17, 6, 2, 14, 17, 13, 5, 3, 2, 0, 8, 5, 17, 19, 9, 11, 7, 5, 17, 18, 6, 13, 9, 11, 12, 2, 15, 4, 24, 31, 5, 11, 1, 0, 1, 6, 10, 14, 200, 5, 13, 4, 8, 9, 39, 4, 3, 0, 1, 1, 0, 5, 3, 5, 2, 0, 0, 6, 10, 2, 27, 0, 3, 2, 2, 2, 2, 6, 6, 4, 6, 1, 10, 5, 1, 1, 10, 41, 2, 1, 0, 71, 6, 72, 53, 0, 1, 1, 4, 4, 4, 16, 0, 4, 0, 0, 1, 2, 0, 1, 2, 0, 3, 1, 8, 1, 0, 0, 4, 2, 0, 2, 2, 1, 1, 11, 5, 1, 3, 0, 3, 3, 1, 8, 59, 7, 7, 6, 5, 6, 1, 1, 0, 0, 7, 1, 8, 7, 1, 1, 4, 23, 2, 1, 4, 216, 8, 211, 22, 16, 0, 0, 3, 9, 5, 6, 7, 15, 1, 7, 0, 3, 7, 8, 2, 23, 12, 6, 23, 19, 3, 6, 35, 6, 3, 7, 5, 13, 1, 32, 1, 3, 18, 1, 32, 23, 16, 23, 2045, 198, 12, 47, 160, 20, 2, 48, 44, 91, 33, 16, 105, 10, 4, 14, 164, 62, 7, 14, 1, 34, 2, 46, 21, 15, 3, 3, 14, 7, 8, 6, 32, 31, 2, 1, 7, 9, 0, 7, 9, 57, 30, 17, 57, 19, 2, 18, 134, 12, 3, 0, 3, 8, 2, 4, 2, 21, 7, 3, 2, 11, 4, 17, 73, 56, 5, 2, 12, 3, 2, 5, 5, 3, 11, 0, 4, 0, 4, 6, 9, 21, 8, 6, 6, 6, 6, 7, 3, 4, 3, 5, 9, 5, 3, 7, 10, 56, 11, 18, 11, 12, 9, 11, 8, 25, 244, 9, 176, 20, 7, 13, 102, 10, 2, 3, 4, 12, 2, 12, 13, 16, 7, 1, 1, 13, 7, 0, 36, 22, 3, 8, 5, 1, 2, 3, 1, 6, 7, 4, 22, 1, 0, 2, 17, 25, 7, 7, 11, 57, 1, 83, 45, 3, 7, 2, 17, 13, 7, 8, 61, 0, 3, 0, 1, 0, 0, 1, 1, 8, 2, 0, 0, 0, 2, 2, 15, 2, 1, 6, 2, 2, 1, 7, 8, 15, 2, 2, 9, 12, 6, 15, 71, 25, 3, 6, 4, 2, 1, 5, 12, 9, 19, 0, 17, 1, 1, 1, 4, 113, 16, 8, 21, 111, 4, 15, 51, 10, 8, 1, 13, 6, 3, 1, 34, 95, 15, 7, 4, 9, 1, 6, 7, 41, 11, 13, 37, 10, 3, 9, 86, 249, 16, 3, 23, 166, 6, 91, 96, 68, 39, 11, 37, 76, 73, 53, 5330, 173, 31, 19, 52, 21, 16, 15, 30, 35, 48, 5, 24, 3, 0, 6, 170, 42, 8, 8, 9, 58, 2, 93, 140, 5, 16, 1, 2, 2, 8, 2, 38, 15, 4, 5, 6, 4, 0, 7, 0, 21, 30, 6, 1, 8, 3, 16, 7, 5, 0, 1, 0, 1, 1, 19, 8, 4, 10, 1, 7, 5, 8, 5, 28, 49, 2, 15, 8, 5, 1, 5, 9, 13, 20, 2, 3, 2, 8, 10, 6, 10, 4, 13, 11, 15, 8, 2, 13, 10, 3, 1, 9, 2, 2, 6, 1, 20, 5, 4, 6, 7, 3, 10, 7, 75, 128, 1, 54, 20, 8, 7, 48, 5, 1, 3, 2, 7, 2, 8, 1, 4, 10, 0, 1, 17, 2, 10, 3, 6, 3, 20, 0, 1, 0, 5, 3, 0, 9, 1, 9, 3, 2, 2, 7, 12, 10, 7, 27, 104, 4, 5, 150, 3, 9, 0, 9, 4, 4, 3, 30, 2, 0, 0, 4, 1, 0, 2, 1, 3, 1, 1, 3, 1, 0, 1, 5, 2, 0, 0, 1, 1, 2, 5, 11, 1, 6, 0, 3, 0, 1, 8, 54, 10, 14, 3, 3, 10, 1, 5, 7, 14, 18, 2, 5, 1, 0, 1, 5, 126, 24, 11, 7, 527, 4, 299, 26, 8, 2, 1, 6, 4, 7, 5, 21, 23, 9, 7, 10, 11, 0, 16, 12, 72, 102, 6, 59, 5, 0, 11, 82, 87, 2, 7, 11, 107, 1, 59, 55, 109, 42, 2, 8, 19, 24, 18, 2524, n
2, 17, 5, 14, 4, 13, 15, 48, 81, 80, 27, 121, 8, 0, 2, 224, 40, 6, 1, 1, 4, 6, 2, 263, 14, 11, 6, 17, 4, 4, 8, 164, 30, 4, 4, 0, 6, 2, 8, 6, 83, 91, 14, 136, 5, 5, 8, 145, 10, 5, 3, 1, 6, 7, 0, 9, 1, 7, 2, 17, 7, 4, 4, 145, 13, 4, 3, 2, 1, 4, 2, 2, 17, 2, 0, 4, 4, 3, 0, 4, 2, 0, 4, 2, 8, 0, 5, 5, 4, 4, 2, 2, 4, 4, 2, 3, 12, 13, 5, 1, 7, 2, 10, 4, 117, 200, 2, 210, 7, 5, 11, 163, 1, 1, 2, 1, 3, 5, 6, 1, 27, 5, 4, 7, 4, 6, 15, 128, 7, 1, 1, 6, 6, 2, 2, 3, 2, 6, 5, 8, 2, 6, 6, 11, 19, 0, 6, 3, 29, 8, 26, 14, 5, 5, 2, 1, 1, 7, 3, 22, 1, 1, 0, 0, 1, 0, 6, 2, 1, 6, 1, 3, 2, 2, 1, 6, 3, 2, 2, 1, 6, 0, 8, 0, 5, 3, 0, 13, 1, 4, 0, 23, 10, 12, 2, 1, 3, 0, 1, 4, 8, 12, 2, 4, 1, 4, 2, 0, 54, 11, 1, 5, 36, 8, 10, 7, 13, 5, 1, 12, 0, 4, 7, 14, 9, 6, 3, 5, 1, 5, 8, 3, 103, 100, 2, 117, 15, 3, 13, 130, 74, 17, 3, 6, 31, 5, 3, 29, 87, 17, 2, 57, 41, 29, 64, 972, 160, 8, 16, 12, 22, 4, 15, 64, 31, 21, 2, 42, 9, 5, 7, 124, 34, 13, 4, 14, 66, 7, 121, 95, 2, 8, 5, 6, 6, 0, 13, 10, 19, 4, 10, 3, 7, 0, 11, 8, 18, 40, 15, 140, 11, 1, 2, 34, 8, 2, 0, 5, 4, 0, 17, 9, 9, 4, 0, 9, 8, 2, 10, 14, 45, 1, 5, 1, 8, 2, 5, 8, 7, 5, 2, 2, 0, 3, 6, 16, 12, 7, 11, 6, 5, 10, 4, 4, 11, 9, 11, 9, 0, 13, 4, 4, 38, 11, 15, 14, 7, 7, 24, 13, 96, 83, 12, 35, 13, 6, 9, 6, 11, 0, 7, 3, 19, 7, 24, 11, 22, 11, 5, 8, 4, 1, 3, 26, 28, 7, 3, 9, 1, 2, 4, 3, 12, 9, 2, 14, 5, 1, 1, 5, 80, 10, 9, 25, 57, 9, 70, 253, 7, 4, 0, 5, 8, 8, 16, 144, 8, 1, 4, 1, 1, 0, 0, 1, 3, 1, 2, 2, 1, 0, 2, 5, 2, 4, 5, 3, 2, 4, 3, 34, 7, 16, 1, 12, 2, 3, 5, 80, 34, 0, 1, 5, 12, 2, 1, 9, 12, 1, 1, 14, 5, 1, 2, 14, 98, 5, 2, 3, 157, 18, 113, 163, 12, 9, 2, 6, 15, 5, 7, 72, 81, 10, 12, 13, 3, 1, 1, 18, 167, 71, 6, 81, 1, 3, 28, 85, 23, 13, 10, 22, 74, 3, 119, 159, 101, 40, 4, 71, 29, 44, 42, 504, 49, 4, 6, 13, 9, 2, 20, 5, 11, 23, 15, 48, 6, 7, 10, 104, 0, 3, 5, 2, 23, 2, 95, 213, 9, 0, 0, 9, 4, 6, 11, 122, 13, 1, 0, 1, 5, 0, 1, 10, 33, 28, 3, 48, 11, 1, 3, 90, 5, 0, 1, 1, 6, 2, 5, 11, 4, 4, 3, 5, 4, 6, 4, 8, 14, 5, 43, 6, 15, 3, 2, 0, 14, 9, 11, 23, 8, 4, 1, 14, 7, 2, 2, 4, 0, 6, 15, 2, 3, 0, 1, 7, 1, 2, 3, 10, 0, 1, 1, 8, 7, 4, 5, 0, 80, 322, 12, 248, 6, 7, 7, 1, 3, 2, 4, 2, 11, 2, 5, 0, 6, 12, 5, 9, 6, 6, 30, 41, 6, 3, 2, 0, 2, 2, 3, 4, 11, 3, 3, 4, 3, 1, 3, 7, 11, 3, 5, 9, 55, 8, 159, 79, 0, 1, 1, 5, 7, 2, 0, 46, 1, 2, 2, 2, 0, 0, 0, 0, 1, 3, 2, 4, 1, 3, 0, 6, 4, 1, 1, 1, 7, 0, 13, 4, 8, 5, 2, 13, 4, 12, 1, 42, 27, 0, 3, 8, 0, 2, 1, 14, 12, 6, 4, 1, 1, 1, 4, 7, 18, 13, 16, 4, 115, 2, 228, 89, 5, 18, 1, 10, 1, 15, 10, 84, 15, 6, 3, 1, 6, 1, 1, 1, 281, 131, 10, 112, 1, 5, 9, 75, 121, 10, 6, 3, 46, 0, 53, 14, 173, 126, 4, 93, 61, 48, 51, 1848, 9, 20, 19, 3, 1, 1, 6, 41, 26, 14, 9, 7, 9, 1, 3, 109, 22, 6, 13, 4, 6, 0, 230, 325, 15, 13, 1, 4, 10, 7, 15, 208, 6, 2, 0, 1, 4, 3, 1, 2, 13, 10, 11, 82, 3, 2, 12, 14, 8, 3, 0, 1, 10, 2, 1, 3, 5, 2, 5, 1, 3, 5, 9, 40, 11, 1, 17, 10, 8, 10, 2, 1, 17, 1, 3, 3, 3, 4, 10, 4, 1, 4, 12, 5, 4, 7, 6, 0, 5, 1, 4, 6, 2, 3, 3, 6, 31, 3, 6, 5, 4, 6, 5, 1, 81, 133, 16, 67, 3, 12, 1, 53, 15, 0, 0, 8, 2, 1, 9, 1, 10, 3, 6, 12, 4, 26, 9, 49, 13, 2, 13, 4, 1, 0, 3, 2, 2, 3, 0, 6, 4, 0, 2, 5, 1, 1, 3, 10, 30, 0, 204, 156, 2, 2, 2, 8, 8, 5, 9, 95, 9, 1, 0, 3, 2, 0, 1, 0, 4, 5, 0, 7, 1, 0, 2, 5, 2, 2, 3, 2, 2, 0, 6, 3, 14, 6, 3, 0, 0, 13, 14, 45, 15, 4, 10, 2, 4, 0, 1, 2, 9, 5, 4, 5, 2, 1, 0, 5, 34, 6, 2, 2, 137, 2, 14, 131, 18, 18, 5, 4, 3, 8, 14, 76, 52, 3, 7, 7, 8, 0, 10, 7, 297, 56, 3, 71, 7, 8, 7, 83, 118, 21, 5, 19, 46, 11, 12, 64, 261, 94, 8, 115, 37, 53, 41, 677, n
324, 44, 63, 89, 31, 13, 61, 144, 121, 122, 21, 360, 18, 17, 21, 510, 103, 18, 20, 32, 84, 1, 155, 284, 27, 18, 1, 21, 15, 17, 14, 311, 23, 5, 7, 14, 4, 0, 16, 17, 72, 172, 11, 462, 13, 9, 13, 379, 8, 1, 1, 2, 11, 0, 17, 21, 17, 15, 1, 19, 8, 8, 11, 149, 60, 13, 11, 8, 6, 2, 8, 14, 13, 16, 4, 28, 3, 3, 5, 19, 18, 3, 5, 7, 6, 5, 1, 14, 3, 1, 4, 5, 8, 5, 1, 24, 71, 4, 17, 11, 18, 3, 18, 19, 135, 145, 13, 257, 18, 18, 15, 196, 26, 3, 1, 2, 1, 4, 6, 16, 9, 14, 1, 5, 14, 8, 5, 102, 25, 4, 11, 11, 4, 1, 3, 12, 18, 19, 7, 16, 4, 6, 6, 37, 59, 10, 11, 16, 110, 13, 144, 131, 13, 9, 2, 20, 11, 5, 15, 129, 6, 0, 1, 0, 0, 0, 6, 1, 6, 5, 1, 12, 1, 2, 3, 18, 7, 3, 4, 2, 1, 1, 7, 9, 7, 4, 1, 8, 8, 10, 13, 130, 43, 16, 10, 8, 3, 1, 7, 17, 14, 11, 5, 12, 0, 0, 1, 26, 149, 18, 8, 23, 304, 4, 154, 102, 5, 10, 0, 10, 5, 13, 9, 82, 133, 5, 7, 6, 8, 6, 1, 21, 370, 140, 13, 107, 13, 14, 6, 163, 329, 9, 8, 19, 168, 13, 105, 146, 230, 130, 9, 70, 79, 90, 49, 705, 308, 28, 136, 110, 34, 10, 129, 245, 116, 72, 17, 148, 18, 8, 18, 404, 149, 13, 27, 20, 88, 16, 369, 534, 31, 12, 1, 11, 15, 17, 23, 300, 19, 1, 6, 11, 2, 0, 5, 6, 63, 64, 1, 124, 1, 7, 15, 129, 5, 1, 2, 3, 6, 0, 20, 24, 14, 6, 5, 6, 2, 11, 9, 122, 84, 9, 21, 21, 12, 0, 19, 19, 14, 7, 3, 10, 3, 6, 8, 24, 21, 9, 8, 9, 13, 17, 34, 29, 9, 11, 8, 10, 0, 14, 7, 27, 61, 4, 10, 2, 8, 1, 6, 11, 136, 321, 10, 129, 18, 14, 10, 122, 14, 4, 1, 1, 9, 1, 17, 16, 16, 5, 1, 3, 16, 13, 10, 91, 32, 6, 12, 10, 4, 2, 10, 15, 4, 3, 2, 10, 7, 1, 1, 22, 54, 12, 15, 14, 135, 9, 565, 377, 11, 4, 3, 16, 8, 5, 6, 143, 3, 0, 0, 1, 1, 0, 1, 0, 7, 5, 1, 13, 1, 0, 1, 15, 5, 0, 1, 2, 4, 0, 17, 22, 4, 2, 1, 2, 6, 7, 15, 128, 70, 13, 18, 13, 1, 0, 15, 19, 15, 14, 1, 18, 1, 0, 0, 17, 145, 19, 18, 23, 91, 6, 282, 196, 7, 5, 0, 13, 4, 6, 15, 128, 120, 4, 11, 5, 9, 7, 12, 22, 276, 133, 13, 86, 26, 15, 7, 135, 361, 9, 13, 10, 118, 12, 95, 175, 183, 80, 9, 36, 86, 62, 62, 597, 329, 34, 82, 65, 28, 5, 75, 127, 152, 101, 28, 231, 16, 8, 23, 389, 97, 9, 20, 19, 73, 6, 118, 251, 31, 16, 4, 21, 8, 10, 16, 215, 58, 1, 9, 0, 10, 1, 9, 15, 135, 106, 16, 203, 20, 1, 22, 246, 12, 0, 2, 1, 11, 1, 13, 15, 32, 3, 3, 9, 8, 8, 16, 124, 101, 13, 6, 11, 5, 0, 8, 8, 16, 17, 1, 8, 1, 7, 9, 16, 27, 12, 9, 8, 14, 11, 10, 14, 6, 3, 5, 9, 4, 4, 6, 15, 121, 20, 29, 14, 14, 8, 13, 10, 231, 27, 26, 195, 30, 22, 19, 181, 16, 1, 0, 5, 28, 1, 14, 14, 29, 5, 0, 13, 17, 12, 7, 83, 33, 5, 10, 12, 1, 0, 5, 7, 8, 11, 5, 27, 1, 2, 1, 25, 78, 10, 12, 17, 104, 3, 148, 146, 5, 10, 1, 20, 11, 7, 6, 109, 3, 0, 2, 1, 1, 0, 1, 0, 11, 5, 1, 19, 1, 2, 3, 20, 8, 1, 0, 2, 4, 0, 13, 12, 19, 4, 3, 12, 14, 4, 16, 99, 65, 11, 6, 7, 4, 2, 8, 16, 17, 25, 1, 21, 2, 1, 0, 14, 228, 22, 10, 28, 237, 14, 169, 123, 17, 18, 1, 20, 11, 8, 6, 54, 166, 16, 17, 13, 13, 1, 14, 12, 297, 193, 15, 166, 20, 15, 12, 181, 431, 27, 7, 30, 280, 15, 158, 164, 233, 147, 14, 109, 119, 119, 82, 746, 345, 42, 81, 64, 31, 2, 90, 114, 86, 77, 10, 144, 5, 3, 13, 276, 114, 9, 10, 16, 126, 5, 207, 302, 17, 18, 2, 7, 7, 8, 12, 197, 29, 5, 10, 3, 5, 1, 9, 4, 77, 78, 12, 143, 11, 6, 23, 172, 3, 1, 0, 1, 11, 2, 27, 13, 20, 9, 1, 7, 8, 1, 15, 75, 103, 7, 16, 10, 22, 2, 21, 16, 24, 27, 3, 13, 3, 7, 12, 11, 32, 4, 15, 12, 22, 7, 29, 21, 12, 1, 3, 10, 6, 1, 5, 13, 89, 6, 11, 10, 14, 3, 16, 12, 232, 199, 9, 153, 27, 14, 16, 115, 14, 2, 3, 0, 19, 2, 20, 13, 19, 15, 0, 5, 23, 5, 19, 56, 67, 2, 24, 11, 9, 0, 13, 9, 11, 11, 1, 14, 3, 1, 2, 12, 146, 11, 21, 28, 61, 7, 260, 229, 14, 14, 2, 11, 6, 6, 12, 96, 1, 0, 1, 4, 0, 3, 2, 4, 6, 3, 1, 7, 0, 1, 1, 5, 11, 0, 4, 1, 12, 2, 20, 14, 12, 7, 1, 11, 5, 3, 12, 98, 119, 16, 18, 7, 6, 1, 9, 8, 27, 28, 0, 16, 1, 0, 3, 8, 285, 29, 20, 14, 40, 14, 203, 137, 20, 4, 3, 15, 16, 13, 6, 82, 204, 18, 11, 22, 13, 2, 24, 20, 454, 252, 17, 167, 26, 10, 17, 150, 449, 15, 20, 19, 241, 25, 192, 176, 313, 118, 9, 63, 176, 107, 127, 614, n
9, 5, 3, 32, 22, 16, 56, 45, 84, 0, 4, 107, 2, 3, 8, 173, 25, 2, 14, 1, 5, 7, 9, 140, 8, 7, 1, 11, 4, 3, 15, 145, 25, 6, 3, 1, 1, 2, 4, 2, 45, 49, 14, 65, 0, 2, 4, 58, 11, 4, 3, 1, 4, 3, 2, 5, 1, 1, 2, 6, 2, 6, 10, 59, 1, 2, 5, 1, 5, 0, 5, 3, 3, 1, 3, 1, 3, 4, 4, 2, 7, 1, 2, 0, 1, 6, 2, 4, 6, 1, 2, 0, 4, 2, 1, 1, 4, 9, 4, 1, 5, 1, 0, 2, 74, 142, 3, 117, 6, 4, 8, 53, 7, 2, 3, 1, 9, 5, 3, 1, 19, 7, 2, 4, 4, 10, 6, 70, 5, 0, 6, 3, 4, 2, 1, 0, 9, 9, 6, 0, 3, 5, 5, 6, 21, 5, 5, 1, 62, 0, 76, 30, 0, 3, 0, 2, 4, 6, 1, 7, 2, 2, 0, 3, 0, 0, 6, 0, 2, 2, 1, 18, 1, 1, 1, 5, 1, 1, 1, 1, 2, 0, 0, 1, 2, 5, 1, 13, 2, 6, 1, 10, 9, 5, 1, 1, 1, 1, 0, 7, 7, 3, 2, 17, 1, 2, 2, 3, 2, 7, 1, 4, 218, 8, 48, 18, 14, 11, 1, 14, 3, 3, 1, 18, 0, 3, 5, 7, 0, 5, 16, 9, 34, 49, 5, 115, 5, 2, 14, 79, 114, 17, 3, 6, 3, 1, 34, 40, 100, 26, 1, 86, 41, 35, 53, 699, 60, 7, 53, 41, 12, 5, 13, 82, 9, 24, 7, 18, 2, 0, 3, 47, 10, 1, 4, 5, 46, 2, 110, 17, 9, 2, 4, 8, 9, 1, 6, 14, 19, 5, 2, 1, 7, 1, 12, 6, 4, 58, 21, 94, 14, 2, 1, 82, 5, 0, 1, 1, 5, 1, 7, 8, 4, 3, 3, 1, 8, 5, 4, 2, 4, 2, 7, 9, 2, 1, 10, 6, 0, 2, 0, 0, 0, 5, 2, 17, 11, 7, 10, 8, 11, 15, 11, 2, 4, 3, 6, 1, 4, 2, 4, 8, 19, 6, 9, 10, 6, 3, 11, 2, 82, 75, 6, 117, 9, 2, 14, 16, 8, 1, 4, 4, 9, 3, 2, 9, 10, 10, 1, 9, 9, 10, 11, 5, 29, 3, 2, 1, 3, 1, 12, 2, 5, 6, 1, 5, 1, 1, 5, 2, 53, 8, 14, 5, 40, 1, 213, 75, 11, 2, 1, 10, 8, 8, 7, 23, 2, 0, 2, 0, 1, 0, 1, 1, 0, 0, 2, 1, 0, 2, 4, 0, 1, 0, 4, 2, 6, 0, 12, 2, 10, 7, 1, 3, 0, 0, 1, 7, 25, 2, 8, 3, 14, 3, 1, 2, 13, 3, 3, 3, 1, 3, 3, 3, 73, 10, 3, 7, 85, 13, 44, 91, 10, 1, 2, 2, 12, 11, 2, 17, 45, 2, 9, 6, 4, 5, 11, 4, 96, 98, 3, 25, 8, 7, 11, 44, 33, 13, 13, 5, 134, 5, 77, 62, 107, 39, 8, 48, 58, 72, 41, 316, 22, 2, 9, 26, 4, 3, 13, 29, 29, 18, 3, 5, 5, 2, 6, 50, 26, 7, 1, 1, 7, 5, 28, 46, 0, 7, 4, 9, 3, 2, 3, 71, 17, 6, 9, 11, 2, 1, 9, 5, 12, 49, 11, 80, 2, 13, 12, 8, 9, 1, 10, 0, 1, 1, 16, 3, 14, 10, 0, 15, 0, 2, 2, 20, 8, 0, 7, 4, 12, 3, 4, 1, 11, 11, 4, 22, 3, 3, 4, 6, 4, 3, 4, 1, 0, 7, 1, 1, 4, 1, 3, 4, 5, 2, 5, 3, 32, 11, 8, 1, 5, 7, 0, 5, 44, 123, 18, 140, 3, 13, 6, 50, 19, 4, 4, 3, 6, 3, 8, 2, 4, 13, 1, 11, 6, 3, 9, 50, 15, 1, 5, 3, 5, 1, 10, 5, 10, 12, 1, 0, 3, 0, 2, 2, 33, 1, 3, 2, 34, 2, 84, 37, 12, 8, 0, 0, 2, 2, 1, 7, 5, 3, 0, 2, 1, 0, 1, 0, 2, 4, 2, 0, 0, 0, 2, 6, 1, 1, 2, 0, 3, 1, 0, 2, 7, 4, 1, 3, 2, 1, 12, 18, 34, 1, 14, 12, 0, 2, 2, 8, 13, 6, 2, 11, 2, 2, 4, 1, 52, 6, 12, 2, 34, 11, 66, 26, 2, 3, 3, 3, 9, 5, 7, 22, 14, 0, 5, 7, 1, 1, 8, 4, 70, 97, 12, 118, 10, 4, 9, 62, 40, 9, 9, 9, 96, 6, 68, 36, 170, 88, 9, 40, 65, 27, 54, 202, 84, 18, 7, 12, 6, 1, 29, 49, 12, 21, 1, 26, 1, 4, 1, 187, 29, 3, 8, 5, 8, 1, 62, 194, 19, 11, 1, 8, 5, 4, 8, 184, 6, 1, 3, 5, 3, 1, 5, 6, 13, 63, 5, 201, 5, 0, 12, 57, 5, 0, 2, 1, 1, 2, 2, 3, 1, 1, 1, 3, 0, 2, 3, 31, 10, 3, 1, 1, 12, 1, 7, 5, 2, 14, 1, 2, 1, 9, 10, 3, 13, 4, 11, 10, 13, 3, 9, 9, 7, 6, 3, 4, 7, 9, 9, 15, 10, 5, 10, 7, 1, 2, 1, 0, 35, 20, 5, 76, 2, 2, 6, 33, 3, 3, 2, 0, 5, 2, 7, 3, 15, 4, 6, 8, 12, 7, 4, 17, 4, 2, 12, 3, 1, 1, 4, 5, 9, 2, 4, 3, 2, 0, 1, 8, 53, 2, 4, 11, 77, 7, 137, 93, 0, 2, 2, 4, 2, 3, 6, 55, 1, 2, 0, 4, 2, 0, 0, 2, 7, 6, 1, 6, 1, 0, 1, 1, 7, 0, 2, 1, 0, 1, 1, 15, 1, 3, 0, 1, 2, 6, 2, 10, 8, 7, 1, 7, 6, 1, 1, 2, 10, 11, 3, 3, 2, 0, 0, 1, 37, 6, 7, 8, 175, 2, 137, 82, 25, 14, 2, 1, 5, 2, 19, 52, 1, 4, 5, 14, 3, 0, 7, 1, 239, 54, 3, 22, 11, 3, 4, 2, 72, 13, 5, 1, 36, 9, 55, 37, 171, 21, 3, 11, 14, 2, 10, 159, n
4, 7, 39, 21, 3, 2, 14, 38, 42, 33, 13, 8, 1, 2, 2, 137, 1, 2, 3, 8, 15, 2, 29, 81, 8, 3, 1, 0, 7, 6, 10, 16, 23, 4, 11, 5, 2, 3, 1, 2, 49, 85, 12, 371, 5, 4, 8, 49, 5, 3, 5, 1, 7, 2, 10, 1, 6, 1, 5, 22, 3, 1, 4, 54, 16, 5, 6, 9, 2, 0, 6, 3, 7, 4, 1, 8, 3, 3, 2, 5, 9, 0, 1, 0, 13, 0, 12, 8, 0, 4, 3, 0, 9, 0, 3, 10, 2, 11, 11, 5, 5, 3, 12, 1, 96, 226, 1, 184, 5, 6, 2, 68, 4, 1, 5, 11, 2, 1, 5, 1, 21, 8, 6, 10, 6, 9, 20, 60, 0, 3, 2, 2, 1, 0, 0, 2, 9, 5, 7, 0, 3, 5, 7, 6, 20, 4, 1, 1, 35, 0, 105, 53, 0, 0, 2, 5, 0, 6, 0, 27, 1, 0, 0, 3, 0, 0, 6, 1, 2, 5, 0, 7, 0, 0, 3, 6, 4, 2, 3, 1, 8, 1, 13, 4, 4, 7, 1, 15, 1, 5, 3, 9, 24, 6, 1, 1, 6, 0, 7, 7, 13, 3, 4, 5, 1, 3, 1, 5, 89, 3, 14, 10, 120, 3, 170, 65, 2, 5, 2, 7, 4, 3, 2, 1, 13, 1, 1, 7, 2, 5, 8, 6, 67, 75, 0, 57, 3, 2, 12, 14, 78, 10, 4, 2, 64, 1, 79, 9, 39, 19, 1, 43, 58, 20, 45, 708, 34, 15, 40, 28, 4, 2, 7, 59, 14, 42, 5, 120, 1, 4, 5, 61, 10, 7, 14, 1, 84, 1, 62, 59, 2, 5, 2, 9, 10, 1, 9, 9, 5, 2, 5, 1, 1, 0, 4, 10, 37, 93, 6, 214, 6, 4, 11, 113, 0, 2, 1, 1, 8, 0, 1, 1, 3, 6, 2, 7, 9, 2, 3, 32, 9, 1, 4, 0, 3, 0, 11, 12, 4, 8, 1, 6, 1, 7, 5, 7, 0, 8, 10, 8, 5, 15, 11, 0, 8, 9, 11, 9, 1, 15, 2, 15, 12, 0, 1, 4, 2, 1, 5, 7, 85, 31, 6, 167, 1, 5, 2, 55, 15, 2, 3, 6, 5, 3, 4, 10, 3, 14, 1, 14, 10, 3, 9, 48, 4, 4, 1, 2, 4, 3, 9, 1, 11, 7, 1, 5, 4, 1, 1, 1, 32, 5, 1, 3, 96, 2, 100, 82, 4, 11, 0, 12, 7, 11, 19, 77, 2, 2, 2, 6, 1, 1, 2, 4, 2, 6, 5, 0, 0, 3, 3, 4, 4, 5, 1, 1, 14, 4, 8, 1, 3, 7, 0, 11, 7, 9, 1, 6, 11, 5, 3, 2, 5, 5, 5, 3, 5, 8, 3, 1, 1, 4, 1, 2, 52, 1, 2, 2, 237, 6, 180, 97, 16, 4, 1, 4, 2, 14, 2, 18, 8, 3, 1, 15, 2, 5, 5, 3, 41, 110, 2, 89, 15, 0, 11, 57, 67, 6, 2, 4, 58, 5, 74, 2, 21, 26, 4, 67, 55, 51, 41, 645, 15, 30, 30, 40, 3, 1, 31, 37, 4, 52, 1, 114, 2, 3, 7, 62, 20, 6, 2, 0, 7, 1, 58, 34, 1, 3, 3, 15, 1, 1, 9, 27, 17, 13, 5, 3, 5, 2, 1, 1, 34, 108, 21, 339, 4, 13, 8, 90, 0, 0, 3, 3, 2, 1, 15, 4, 15, 24, 2, 16, 5, 1, 2, 28, 19, 7, 14, 10, 5, 0, 0, 10, 13, 10, 5, 33, 10, 3, 1, 9, 5, 2, 4, 6, 1, 0, 10, 6, 1, 5, 2, 4, 1, 0, 3, 2, 28, 2, 5, 13, 5, 7, 2, 1, 213, 474, 8, 424, 14, 1, 8, 141, 1, 0, 4, 5, 4, 1, 3, 4, 10, 14, 5, 25, 2, 5, 20, 50, 10, 4, 1, 2, 0, 0, 1, 4, 6, 6, 3, 6, 1, 1, 1, 2, 8, 8, 4, 1, 16, 2, 198, 39, 1, 2, 1, 7, 7, 2, 3, 5, 4, 1, 2, 2, 0, 0, 1, 4, 0, 1, 3, 11, 2, 0, 0, 1, 3, 0, 4, 0, 4, 0, 9, 6, 15, 8, 3, 15, 5, 3, 4, 37, 12, 5, 2, 8, 1, 4, 6, 9, 0, 1, 2, 7, 1, 1, 3, 1, 103, 2, 15, 2, 26, 6, 127, 2, 2, 8, 1, 2, 5, 2, 10, 43, 61, 1, 4, 1, 6, 2, 8, 1, 202, 253, 14, 240, 3, 8, 3, 84, 276, 9, 5, 4, 131, 2, 6, 1, 27, 63, 1, 76, 33, 2, 5, 329, 40, 14, 12, 1, 24, 4, 16, 6, 23, 14, 2, 7, 1, 3, 4, 29, 37, 5, 5, 6, 3, 3, 61, 160, 2, 11, 2, 9, 5, 2, 18, 34, 3, 2, 1, 1, 5, 1, 3, 2, 2, 46, 2, 209, 2, 2, 1, 3, 13, 3, 1, 5, 1, 2, 3, 1, 0, 0, 2, 4, 13, 5, 4, 34, 9, 0, 9, 1, 2, 2, 2, 7, 1, 14, 1, 13, 0, 7, 9, 2, 9, 1, 8, 8, 11, 8, 7, 8, 1, 1, 3, 6, 5, 2, 5, 1, 3, 4, 8, 0, 3, 1, 1, 2, 19, 13, 8, 112, 9, 2, 1, 49, 5, 1, 0, 4, 3, 2, 2, 0, 3, 4, 2, 8, 6, 3, 2, 28, 9, 2, 6, 2, 6, 0, 0, 2, 9, 3, 2, 4, 2, 1, 1, 5, 30, 3, 1, 10, 118, 6, 94, 41, 4, 1, 2, 2, 16, 3, 11, 55, 7, 5, 4, 2, 3, 0, 0, 4, 1, 0, 1, 14, 1, 6, 1, 7, 4, 5, 4, 1, 7, 2, 4, 3, 2, 3, 2, 15, 3, 13, 4, 37, 18, 7, 6, 11, 7, 1, 10, 1, 13, 8, 4, 2, 0, 0, 2, 15, 181, 2, 16, 5, 355, 16, 202, 142, 16, 14, 2, 1, 7, 10, 29, 52, 23, 5, 4, 0, 4, 0, 7, 6, 62, 39, 5, 0, 4, 15, 5, 17, 160, 5, 3, 3, 258, 4, 124, 57, 125, 33, 19, 44, 105, 48, 44, 462, n
258, 50, 54, 93, 23, 12, 51, 104, 58, 102, 15, 331, 7, 17, 12, 427, 81, 11, 13, 16, 47, 5, 51, 37, 13, 15, 3, 12, 8, 11, 3, 143, 10, 7, 5, 11, 3, 1, 12, 15, 5, 132, 8, 399, 10, 9, 10, 339, 4, 1, 0, 2, 8, 1, 15, 11, 4, 13, 2, 18, 2, 6, 5, 120, 42, 11, 9, 6, 1, 3, 8, 8, 6, 14, 6, 26, 3, 3, 6, 23, 13, 1, 3, 6, 2, 6, 4, 16, 2, 1, 3, 5, 9, 7, 4, 22, 24, 3, 21, 10, 13, 4, 17, 15, 6, 77, 9, 206, 7, 17, 6, 175, 12, 3, 1, 1, 3, 3, 1, 13, 3, 8, 1, 7, 12, 4, 0, 69, 14, 0, 8, 9, 4, 2, 2, 12, 14, 6, 6, 6, 4, 6, 7, 31, 30, 2, 9, 6, 93, 10, 118, 2, 11, 6, 2, 19, 11, 3, 8, 77, 5, 0, 0, 0, 0, 0, 4, 1, 0, 0, 1, 3, 1, 0, 2, 17, 4, 2, 3, 2, 4, 0, 1, 7, 1, 5, 1, 6, 3, 7, 11, 110, 20, 8, 8, 5, 4, 0, 1, 15, 0, 3, 4, 2, 2, 2, 0, 21, 76, 14, 1, 15, 261, 4, 108, 49, 3, 2, 1, 5, 0, 10, 12, 56, 39, 4, 5, 4, 7, 4, 3, 19, 76, 16, 0, 21, 5, 9, 4, 97, 199, 2, 2, 11, 95, 14, 49, 83, 64, 53, 10, 32, 21, 55, 16, 460, 189, 22, 119, 87, 23, 10, 102, 228, 54, 49, 4, 106, 12, 6, 4, 293, 82, 8, 20, 15, 58, 13, 294, 471, 17, 2, 1, 4, 4, 11, 18, 264, 3, 2, 6, 6, 1, 0, 3, 1, 30, 56, 1, 92, 7, 3, 3, 56, 9, 1, 1, 0, 2, 1, 4, 19, 1, 2, 3, 1, 3, 1, 8, 55, 52, 2, 18, 11, 8, 1, 16, 20, 4, 14, 2, 10, 0, 3, 7, 22, 12, 6, 10, 5, 13, 16, 29, 28, 14, 9, 12, 12, 1, 17, 4, 27, 31, 7, 11, 2, 1, 1, 2, 8, 53, 298, 1, 95, 5, 12, 1, 83, 9, 3, 1, 1, 2, 2, 5, 12, 0, 1, 2, 5, 8, 9, 4, 50, 11, 6, 12, 13, 3, 1, 13, 15, 2, 7, 3, 4, 5, 1, 1, 10, 7, 12, 15, 9, 128, 7, 534, 326, 0, 1, 1, 9, 5, 2, 3, 79, 1, 0, 2, 3, 1, 0, 0, 2, 3, 4, 2, 6, 0, 1, 1, 2, 1, 0, 2, 1, 4, 4, 11, 12, 3, 6, 1, 4, 2, 5, 9, 94, 32, 10, 13, 12, 1, 0, 16, 13, 5, 12, 2, 11, 1, 0, 1, 11, 10, 9, 6, 11, 88, 0, 265, 157, 7, 3, 1, 9, 1, 1, 13, 91, 52, 1, 5, 6, 2, 7, 8, 14, 173, 69, 10, 30, 18, 9, 1, 62, 117, 4, 7, 8, 12, 1, 37, 103, 5, 19, 3, 0, 3, 29, 23, 222, 199, 21, 62, 27, 21, 0, 48, 54, 72, 55, 21, 168, 9, 4, 16, 265, 55, 1, 10, 0, 50, 2, 25, 32, 11, 9, 1, 12, 7, 8, 9, 65, 35, 3, 2, 2, 11, 0, 2, 6, 104, 84, 18, 150, 12, 1, 18, 189, 8, 3, 1, 1, 8, 1, 8, 8, 29, 1, 5, 11, 4, 6, 15, 88, 71, 10, 5, 10, 1, 1, 6, 7, 9, 18, 0, 2, 1, 5, 7, 11, 18, 10, 9, 9, 10, 9, 6, 5, 5, 1, 2, 9, 7, 2, 6, 6, 75, 14, 20, 19, 6, 8, 10, 2, 114, 111, 20, 142, 29, 25, 11, 100, 6, 0, 2, 4, 18, 2, 10, 2, 14, 2, 0, 15, 15, 5, 4, 44, 15, 3, 5, 1, 0, 5, 4, 0, 2, 5, 2, 22, 3, 2, 2, 22, 61, 1, 8, 10, 88, 1, 108, 57, 4, 2, 2, 20, 10, 6, 7, 76, 1, 2, 2, 1, 1, 1, 0, 0, 9, 6, 0, 13, 2, 0, 3, 12, 7, 1, 0, 0, 7, 0, 2, 0, 11, 2, 3, 7, 13, 4, 15, 77, 29, 8, 4, 6, 3, 0, 0, 9, 4, 18, 3, 12, 0, 1, 1, 2, 205, 16, 8, 21, 207, 12, 148, 88, 13, 12, 0, 15, 11, 5, 4, 35, 90, 12, 13, 2, 9, 1, 7, 6, 1, 100, 5, 98, 11, 4, 4, 69, 354, 14, 6, 17, 229, 9, 102, 95, 165, 103, 8, 82, 79, 81, 63, 488, 260, 31, 56, 38, 10, 0, 49, 47, 67, 53, 5, 5, 0, 2, 4, 2, 75, 1, 4, 9, 75, 4, 172, 194, 6, 16, 2, 2, 0, 6, 2, 55, 25, 7, 5, 3, 3, 0, 7, 3, 69, 59, 9, 140, 8, 5, 15, 5, 1, 0, 2, 2, 7, 3, 16, 7, 16, 8, 1, 13, 10, 3, 12, 61, 83, 4, 15, 7, 18, 2, 18, 12, 17, 24, 1, 11, 0, 4, 9, 6, 16, 4, 13, 10, 12, 3, 21, 15, 11, 3, 3, 7, 3, 2, 5, 4, 60, 4, 6, 3, 9, 2, 11, 5, 221, 197, 7, 139, 24, 10, 13, 69, 10, 2, 2, 2, 8, 1, 13, 4, 16, 13, 0, 7, 18, 4, 14, 32, 45, 2, 24, 3, 7, 1, 12, 3, 3, 5, 1, 13, 4, 1, 1, 6, 118, 10, 19, 20, 75, 1, 219, 187, 10, 7, 0, 9, 5, 6, 9, 49, 3, 1, 0, 3, 0, 2, 1, 0, 7, 0, 2, 2, 0, 1, 0, 6, 9, 4, 3, 0, 9, 1, 16, 15, 8, 8, 1, 5, 7, 1, 7, 67, 87, 8, 12, 2, 2, 0, 4, 6, 23, 19, 0, 3, 1, 0, 2, 6, 56, 23, 15, 10, 219, 0, 168, 59, 17, 2, 2, 12, 13, 0, 1, 34, 168, 12, 6, 23, 5, 1, 18, 18, 417, 235, 16, 139, 21, 7, 15, 115, 315, 7, 18, 13, 13, 14, 126, 123, 266, 108, 6, 37, 146, 77, 98, 420, n
104, 12, 11, 33, 2, 13, 6, 7, 25, 24, 0, 34, 8, 11, 0, 120, 37, 5, 10, 9, 31, 5, 29, 43, 4, 1, 4, 6, 8, 10, 3, 13, 2, 3, 1, 0, 6, 2, 7, 8, 21, 13, 2, 80, 1, 1, 8, 141, 12, 2, 3, 3, 5, 3, 6, 11, 1, 3, 2, 7, 2, 2, 3, 16, 30, 7, 8, 4, 4, 2, 3, 10, 5, 16, 5, 16, 2, 2, 5, 2, 6, 1, 5, 4, 0, 3, 3, 2, 3, 0, 4, 5, 9, 7, 2, 24, 6, 3, 10, 3, 13, 4, 5, 6, 28, 83, 9, 58, 2, 7, 3, 7, 6, 4, 0, 1, 5, 5, 1, 4, 4, 4, 2, 1, 3, 3, 3, 25, 1, 2, 5, 3, 4, 2, 0, 5, 13, 6, 7, 4, 3, 6, 6, 22, 9, 2, 5, 8, 56, 7, 79, 3, 6, 2, 1, 7, 2, 0, 2, 34, 4, 7, 5, 4, 3, 2, 1, 2, 4, 6, 3, 1, 3, 6, 8, 10, 5, 1, 0, 0, 8, 1, 5, 2, 0, 2, 0, 3, 5, 3, 8, 61, 2, 9, 3, 2, 2, 2, 1, 8, 1, 3, 5, 11, 2, 0, 1, 7, 95, 10, 4, 12, 106, 9, 83, 28, 10, 6, 0, 7, 9, 4, 7, 14, 20, 7, 2, 4, 3, 6, 8, 6, 44, 14, 0, 10, 5, 10, 6, 17, 114, 6, 0, 7, 92, 5, 17, 37, 29, 58, 3, 10, 18, 22, 1, 202, 38, 7, 56, 50, 2, 6, 57, 105, 40, 18, 3, 12, 1, 9, 4, 254, 35, 2, 4, 8, 2, 11, 3, 19, 6, 3, 1, 0, 2, 2, 11, 82, 4, 2, 0, 6, 1, 4, 1, 6, 11, 9, 3, 19, 6, 0, 2, 25, 3, 0, 1, 1, 4, 2, 0, 8, 1, 1, 3, 2, 2, 2, 1, 33, 11, 3, 2, 14, 11, 1, 13, 9, 1, 2, 3, 4, 1, 8, 7, 15, 6, 7, 9, 7, 3, 15, 26, 12, 12, 10, 11, 9, 0, 13, 2, 13, 7, 1, 3, 1, 5, 0, 2, 5, 76, 30, 5, 38, 2, 1, 5, 22, 5, 5, 0, 1, 4, 0, 4, 4, 4, 1, 1, 3, 4, 7, 3, 11, 0, 4, 2, 1, 0, 1, 0, 13, 4, 7, 3, 1, 6, 2, 1, 5, 26, 3, 2, 8, 26, 5, 41, 40, 17, 18, 9, 11, 13, 14, 9, 16, 12, 4, 6, 2, 3, 4, 1, 2, 1, 2, 0, 2, 1, 1, 2, 4, 3, 0, 0, 0, 4, 2, 2, 6, 4, 4, 2, 2, 3, 2, 4, 24, 6, 5, 11, 3, 5, 2, 2, 3, 3, 3, 2, 1, 1, 1, 1, 1, 48, 6, 1, 12, 19, 0, 30, 37, 17, 4, 1, 2, 1, 4, 2, 6, 3, 1, 4, 5, 0, 6, 0, 10, 18, 88, 2, 24, 19, 2, 2, 10, 90, 8, 4, 6, 6, 6, 28, 5, 29, 15, 3, 9, 10, 17, 1, 17, 138, 10, 7, 27, 7, 2, 3, 19, 11, 11, 21, 1, 8, 4, 9, 54, 39, 5, 9, 2, 26, 4, 15, 16, 4, 3, 2, 1, 3, 4, 1, 45, 9, 3, 5, 4, 6, 1, 4, 6, 1, 25, 9, 132, 13, 5, 9, 58, 0, 2, 2, 1, 10, 0, 2, 7, 12, 9, 1, 6, 1, 3, 12, 8, 19, 3, 2, 2, 2, 1, 4, 2, 13, 11, 0, 13, 3, 6, 7, 4, 14, 7, 5, 6, 6, 3, 8, 4, 3, 4, 4, 4, 4, 2, 1, 1, 11, 8, 3, 5, 10, 6, 4, 4, 7, 33, 14, 103, 17, 2, 7, 14, 1, 2, 4, 0, 15, 0, 1, 5, 3, 25, 3, 10, 1, 1, 11, 23, 25, 4, 2, 7, 8, 3, 4, 9, 6, 5, 2, 13, 3, 0, 2, 11, 37, 4, 4, 1, 8, 4, 33, 0, 0, 2, 0, 15, 4, 1, 6, 11, 1, 2, 0, 0, 1, 0, 0, 0, 0, 7, 0, 2, 0, 1, 2, 11, 2, 0, 1, 1, 5, 0, 9, 1, 14, 4, 4, 4, 11, 3, 8, 13, 24, 4, 1, 1, 4, 2, 3, 11, 5, 21, 1, 7, 2, 1, 0, 2, 25, 14, 3, 16, 7, 4, 42, 27, 6, 6, 0, 11, 6, 3, 1, 4, 15, 8, 4, 1, 6, 0, 3, 2, 57, 11, 7, 37, 9, 4, 1, 22, 1, 16, 3, 16, 0, 3, 29, 74, 63, 8, 9, 5, 1, 33, 14, 102, 145, 38, 12, 9, 5, 1, 1, 16, 44, 47, 0, 10, 4, 3, 7, 20, 22, 3, 0, 11, 24, 1, 73, 107, 4, 13, 1, 1, 10, 3, 0, 12, 21, 6, 0, 1, 6, 0, 6, 1, 15, 1, 1, 139, 10, 2, 14, 5, 2, 2, 1, 0, 4, 1, 13, 16, 16, 9, 2, 7, 9, 5, 4, 10, 7, 0, 14, 0, 14, 2, 2, 4, 10, 22, 0, 6, 2, 8, 12, 5, 5, 5, 10, 8, 2, 5, 8, 5, 4, 0, 2, 4, 10, 9, 1, 4, 19, 1, 3, 1, 2, 0, 4, 6, 10, 24, 5, 64, 15, 5, 1, 20, 6, 3, 4, 2, 3, 4, 1, 3, 1, 1, 4, 4, 11, 0, 7, 17, 27, 2, 7, 2, 6, 3, 3, 0, 6, 6, 0, 15, 0, 1, 0, 14, 52, 9, 10, 17, 20, 0, 128, 28, 1, 10, 0, 0, 5, 2, 3, 9, 1, 0, 1, 5, 0, 0, 2, 1, 1, 0, 1, 3, 1, 1, 1, 3, 3, 0, 3, 1, 3, 1, 8, 10, 1, 5, 1, 4, 2, 2, 6, 12, 31, 10, 1, 1, 1, 1, 5, 0, 9, 17, 3, 1, 2, 1, 2, 4, 12, 15, 9, 8, 126, 4, 116, 71, 7, 3, 3, 1, 4, 2, 1, 2, 31, 13, 5, 13, 3, 1, 11, 8, 3, 13, 8, 17, 20, 1, 11, 61, 81, 9, 0, 8, 20, 11, 16, 34, 2, 30, 1, 11, 56, 25, 34, 79, n
39, 26, 79, 51, 60, 4, 59, 7, 45, 49, 2, 73, 10, 11, 0, 132, 35, 15, 13, 26, 59, 2, 24, 100, 7, 13, 1, 16, 8, 10, 2, 138, 61, 2, 37, 1, 8, 2, 9, 8, 43, 74, 57, 526, 8, 2, 5, 32, 3, 3, 0, 4, 1, 0, 1, 16, 9, 5, 3, 5, 7, 5, 6, 93, 127, 0, 13, 5, 39, 2, 8, 4, 4, 13, 4, 18, 1, 4, 6, 14, 8, 2, 5, 7, 72, 0, 10, 14, 1, 0, 4, 2, 7, 1, 3, 11, 71, 1, 3, 5, 4, 1, 8, 13, 37, 227, 4, 71, 2, 2, 3, 145, 0, 3, 1, 1, 23, 3, 2, 11, 1, 2, 2, 1, 0, 5, 1, 66, 20, 2, 4, 9, 5, 4, 14, 3, 15, 10, 5, 14, 2, 5, 4, 16, 27, 2, 3, 8, 125, 9, 149, 27, 7, 4, 4, 14, 2, 11, 3, 21, 2, 2, 1, 2, 3, 0, 3, 1, 1, 16, 5, 61, 1, 0, 1, 12, 3, 3, 1, 0, 7, 1, 8, 3, 5, 10, 2, 48, 4, 7, 5, 65, 49, 7, 7, 1, 4, 3, 4, 14, 7, 10, 3, 5, 1, 3, 1, 8, 197, 14, 4, 18, 724, 71, 166, 37, 2, 4, 2, 2, 8, 29, 2, 31, 39, 1, 1, 3, 7, 6, 4, 4, 36, 8, 6, 12, 3, 6, 6, 92, 88, 19, 0, 4, 168, 14, 14, 37, 37, 23, 5, 19, 29, 134, 1, 181, 69, 34, 32, 20, 5, 4, 37, 53, 11, 49, 8, 41, 0, 5, 15, 55, 41, 1, 3, 6, 3, 6, 79, 71, 13, 2, 1, 0, 4, 6, 9, 102, 27, 6, 1, 0, 2, 1, 3, 5, 34, 105, 6, 140, 8, 6, 10, 64, 4, 2, 3, 0, 4, 1, 14, 5, 5, 1, 2, 1, 14, 3, 8, 37, 24, 14, 16, 14, 7, 0, 12, 16, 13, 43, 3, 16, 2, 5, 6, 11, 6, 3, 8, 7, 3, 14, 26, 12, 12, 5, 6, 6, 3, 15, 1, 15, 21, 2, 4, 7, 3, 5, 2, 4, 203, 386, 5, 121, 16, 33, 2, 51, 7, 1, 5, 1, 3, 1, 7, 6, 13, 5, 2, 16, 13, 16, 6, 7, 43, 8, 17, 4, 2, 2, 2, 5, 8, 13, 1, 3, 6, 1, 1, 8, 52, 5, 18, 14, 31, 2, 134, 58, 0, 1, 3, 1, 5, 3, 4, 31, 7, 0, 3, 0, 1, 0, 0, 3, 5, 3, 1, 4, 3, 0, 0, 3, 2, 1, 4, 0, 10, 3, 35, 1, 4, 6, 0, 15, 10, 1, 18, 10, 55, 14, 10, 4, 5, 2, 6, 9, 7, 24, 2, 2, 2, 0, 1, 4, 37, 2, 4, 5, 156, 9, 75, 92, 8, 2, 3, 14, 2, 2, 4, 70, 75, 7, 4, 10, 0, 4, 1, 7, 230, 223, 4, 33, 8, 15, 4, 51, 74, 11, 5, 7, 40, 2, 17, 71, 98, 26, 3, 21, 71, 65, 41, 58, 55, 23, 40, 39, 0, 3, 3, 52, 20, 39, 4, 22, 9, 2, 13, 203, 7, 3, 9, 2, 19, 3, 165, 58, 12, 5, 1, 8, 3, 5, 8, 59, 0, 8, 1, 16, 6, 1, 3, 3, 27, 166, 3, 222, 8, 9, 3, 50, 7, 2, 1, 1, 1, 1, 25, 2, 20, 12, 2, 22, 1, 0, 1, 6, 19, 7, 11, 0, 6, 1, 4, 2, 14, 18, 1, 2, 2, 2, 7, 2, 9, 9, 6, 7, 6, 7, 3, 1, 5, 2, 0, 6, 3, 1, 3, 0, 32, 0, 13, 8, 1, 9, 4, 2, 99, 615, 2, 302, 7, 10, 7, 3, 3, 2, 5, 1, 11, 0, 7, 7, 20, 8, 3, 7, 5, 18, 19, 19, 24, 6, 17, 1, 6, 1, 6, 1, 8, 14, 1, 2, 3, 0, 2, 6, 28, 16, 32, 15, 75, 11, 469, 198, 1, 3, 3, 4, 1, 7, 5, 9, 3, 4, 2, 4, 4, 3, 2, 4, 3, 4, 8, 9, 0, 3, 3, 6, 4, 1, 1, 1, 5, 1, 35, 8, 14, 9, 1, 1, 4, 4, 2, 55, 40, 16, 15, 15, 2, 1, 3, 8, 11, 9, 2, 4, 6, 1, 1, 2, 72, 4, 2, 1, 156, 3, 136, 9, 7, 5, 1, 11, 1, 2, 7, 26, 72, 2, 8, 8, 2, 1, 1, 0, 20, 70, 2, 26, 6, 14, 9, 7, 260, 12, 7, 8, 117, 3, 6, 7, 88, 21, 5, 3, 1, 32, 11, 16, 57, 2, 20, 16, 30, 3, 11, 18, 24, 41, 10, 116, 7, 6, 0, 53, 7, 7, 12, 2, 9, 5, 19, 45, 9, 3, 1, 6, 4, 2, 7, 7, 17, 3, 8, 1, 5, 0, 6, 6, 20, 70, 24, 305, 3, 3, 1, 154, 5, 3, 1, 1, 15, 1, 7, 4, 9, 7, 1, 7, 3, 7, 12, 43, 19, 1, 7, 1, 6, 1, 2, 1, 12, 4, 2, 2, 0, 8, 8, 5, 3, 2, 14, 11, 17, 6, 15, 10, 9, 0, 3, 7, 3, 5, 0, 9, 20, 1, 1, 13, 8, 2, 10, 9, 3, 124, 13, 112, 3, 13, 13, 41, 9, 5, 6, 4, 14, 2, 0, 9, 5, 4, 1, 10, 5, 8, 9, 25, 8, 9, 14, 4, 7, 2, 2, 7, 4, 3, 6, 5, 2, 1, 4, 8, 27, 1, 23, 6, 84, 8, 52, 35, 3, 1, 6, 13, 6, 1, 10, 44, 9, 1, 1, 1, 2, 4, 2, 4, 1, 6, 3, 21, 1, 1, 2, 19, 4, 3, 2, 5, 1, 1, 9, 1, 4, 3, 3, 5, 2, 0, 20, 53, 22, 0, 6, 4, 14, 2, 5, 9, 6, 9, 5, 7, 2, 5, 1, 10, 7, 27, 8, 16, 421, 20, 81, 64, 2, 10, 2, 2, 0, 13, 12, 37, 65, 3, 0, 3, 1, 1, 10, 1, 148, 47, 3, 0, 9, 9, 4, 5, 104, 8, 3, 0, 50, 5, 8, 11, 113, 4, 4, 35, 21, 28, 8, 160, n
77, 4, 17, 20, 2, 6, 20, 11, 45, 30, 6, 95, 0, 4, 1, 83, 9, 2, 8, 1, 12, 6, 17, 56, 7, 1, 2, 3, 7, 2, 8, 22, 45, 6, 9, 3, 6, 1, 2, 7, 51, 10, 2, 199, 5, 2, 5, 83, 4, 4, 2, 2, 3, 2, 2, 3, 3, 0, 1, 7, 2, 3, 6, 16, 22, 8, 8, 5, 4, 1, 7, 4, 4, 8, 4, 20, 3, 3, 3, 10, 7, 2, 2, 3, 1, 4, 0, 12, 1, 6, 3, 4, 7, 1, 3, 16, 17, 13, 12, 8, 11, 1, 9, 3, 6, 68, 3, 33, 3, 1, 4, 21, 3, 4, 0, 0, 11, 3, 2, 6, 5, 1, 0, 4, 4, 8, 3, 15, 10, 1, 0, 5, 1, 1, 3, 12, 6, 14, 1, 7, 2, 4, 3, 5, 19, 1, 8, 8, 88, 6, 143, 21, 8, 0, 0, 7, 1, 4, 3, 49, 4, 4, 2, 1, 1, 1, 2, 2, 6, 13, 1, 1, 0, 1, 1, 6, 1, 3, 1, 1, 2, 0, 1, 3, 1, 2, 2, 3, 5, 5, 8, 49, 17, 10, 5, 1, 0, 1, 4, 6, 7, 1, 3, 2, 0, 1, 1, 7, 66, 1, 6, 13, 268, 4, 117, 16, 0, 3, 1, 0, 1, 11, 11, 2, 10, 0, 2, 4, 2, 4, 3, 2, 79, 42, 3, 51, 7, 8, 16, 22, 49, 14, 4, 1, 53, 9, 47, 22, 16, 33, 5, 2, 28, 27, 29, 156, 63, 10, 48, 54, 10, 7, 70, 198, 43, 13, 5, 43, 10, 6, 1, 319, 69, 5, 3, 2, 16, 7, 107, 349, 8, 3, 0, 3, 4, 5, 16, 250, 6, 2, 3, 3, 1, 0, 2, 2, 0, 65, 12, 87, 5, 5, 1, 74, 2, 1, 1, 0, 1, 1, 7, 18, 6, 4, 4, 6, 5, 2, 5, 62, 2, 2, 8, 4, 4, 0, 15, 13, 2, 14, 0, 7, 0, 5, 4, 20, 5, 9, 7, 7, 0, 12, 20, 12, 11, 7, 11, 11, 2, 14, 3, 19, 17, 9, 5, 15, 13, 14, 17, 2, 32, 171, 7, 213, 5, 6, 11, 19, 1, 1, 1, 1, 2, 1, 4, 2, 4, 10, 2, 8, 1, 3, 1, 16, 1, 1, 2, 9, 4, 2, 2, 0, 8, 8, 0, 2, 6, 0, 1, 11, 11, 6, 7, 1, 8, 6, 75, 118, 1, 4, 2, 1, 2, 5, 13, 37, 0, 2, 1, 2, 0, 0, 1, 1, 7, 0, 1, 1, 1, 1, 1, 4, 3, 0, 3, 1, 1, 1, 3, 3, 5, 2, 1, 12, 7, 2, 2, 2, 3, 3, 7, 8, 4, 3, 4, 4, 4, 5, 1, 3, 1, 2, 0, 2, 3, 5, 5, 3, 91, 6, 22, 26, 11, 3, 0, 6, 3, 9, 1, 15, 62, 10, 2, 4, 7, 7, 5, 9, 152, 51, 7, 58, 15, 6, 5, 33, 190, 3, 0, 7, 0, 1, 4, 41, 99, 0, 1, 45, 9, 30, 8, 31, 110, 16, 24, 11, 4, 2, 25, 27, 24, 15, 11, 65, 10, 10, 13, 210, 28, 5, 4, 1, 22, 5, 5, 201, 8, 2, 2, 4, 2, 1, 2, 11, 18, 3, 1, 5, 8, 1, 1, 12, 5, 11, 8, 42, 16, 2, 12, 139, 9, 3, 2, 2, 2, 0, 1, 1, 10, 2, 4, 8, 4, 3, 3, 24, 21, 4, 3, 2, 9, 0, 0, 1, 5, 7, 0, 6, 1, 3, 5, 1, 5, 10, 2, 6, 3, 6, 3, 3, 3, 2, 4, 6, 4, 2, 5, 10, 8, 7, 13, 9, 11, 7, 2, 0, 52, 62, 6, 9, 11, 10, 4, 47, 23, 2, 12, 1, 9, 3, 1, 4, 9, 11, 1, 10, 8, 1, 7, 15, 8, 3, 6, 4, 2, 2, 0, 3, 5, 2, 3, 8, 3, 2, 1, 7, 31, 1, 2, 8, 62, 4, 109, 37, 8, 1, 1, 8, 7, 4, 4, 24, 2, 1, 2, 1, 1, 0, 1, 1, 2, 6, 0, 2, 0, 2, 2, 6, 6, 0, 0, 0, 4, 0, 1, 5, 1, 6, 4, 9, 8, 1, 12, 40, 10, 6, 7, 1, 2, 1, 0, 9, 1, 7, 8, 3, 0, 3, 1, 2, 78, 7, 3, 13, 119, 5, 77, 24, 6, 2, 1, 4, 9, 5, 4, 20, 2, 1, 4, 4, 11, 1, 5, 4, 93, 20, 0, 90, 10, 10, 2, 11, 165, 8, 20, 13, 122, 11, 65, 45, 70, 42, 5, 24, 6, 15, 21, 113, 112, 23, 20, 16, 16, 3, 25, 23, 5, 14, 1, 2, 8, 3, 3, 53, 27, 5, 2, 3, 63, 2, 33, 95, 3, 1, 0, 16, 5, 5, 13, 0, 20, 5, 2, 4, 4, 2, 3, 3, 21, 32, 1, 39, 7, 1, 4, 26, 1, 2, 1, 2, 3, 1, 13, 8, 11, 0, 0, 3, 6, 8, 6, 1, 40, 6, 2, 3, 13, 1, 10, 9, 10, 13, 1, 1, 3, 8, 11, 2, 10, 4, 7, 9, 11, 2, 5, 4, 1, 5, 12, 0, 10, 17, 6, 10, 24, 5, 3, 1, 7, 1, 0, 4, 80, 93, 3, 111, 15, 3, 3, 7, 3, 2, 3, 4, 8, 2, 8, 7, 3, 1, 1, 13, 15, 9, 2, 30, 35, 2, 19, 5, 7, 0, 10, 8, 6, 1, 0, 3, 4, 0, 2, 8, 76, 5, 10, 13, 1, 3, 112, 68, 7, 3, 4, 3, 6, 1, 1, 35, 1, 2, 1, 5, 1, 1, 0, 0, 4, 4, 2, 6, 1, 4, 1, 10, 6, 0, 3, 0, 1, 1, 10, 8, 4, 2, 0, 3, 1, 8, 2, 40, 46, 7, 8, 5, 2, 1, 4, 4, 10, 13, 0, 3, 0, 1, 2, 4, 95, 12, 3, 2, 35, 1, 16, 16, 1, 8, 1, 1, 8, 1, 5, 31, 93, 12, 4, 12, 4, 2, 9, 7, 260, 108, 11, 44, 12, 6, 8, 31, 159, 5, 5, 5, 64, 1, 92, 58, 93, 21, 1, 25, 81, 0, 47, 151, n
143, 15, 22, 23, 11, 4, 4, 52, 24, 29, 1, 77, 5, 5, 9, 214, 35, 8, 0, 6, 7, 3, 29, 201, 10, 3, 2, 3, 3, 10, 2, 16, 5, 3, 4, 2, 9, 1, 3, 7, 1, 3, 4, 366, 6, 4, 7, 123, 3, 3, 2, 1, 1, 2, 4, 7, 3, 8, 5, 9, 2, 4, 1, 16, 10, 14, 3, 2, 0, 1, 5, 2, 8, 11, 1, 17, 1, 2, 3, 8, 7, 2, 3, 5, 9, 7, 2, 16, 0, 1, 4, 2, 9, 8, 3, 14, 23, 5, 1, 2, 12, 1, 9, 12, 21, 59, 5, 77, 4, 11, 4, 8, 2, 3, 0, 1, 6, 5, 4, 10, 7, 10, 1, 7, 9, 1, 2, 3, 10, 1, 8, 8, 3, 2, 5, 5, 16, 12, 7, 1, 4, 6, 5, 13, 6, 3, 9, 7, 32, 9, 102, 24, 5, 2, 1, 13, 5, 5, 12, 38, 4, 0, 3, 0, 0, 0, 6, 3, 0, 2, 0, 8, 2, 1, 2, 0, 2, 3, 4, 1, 5, 1, 2, 4, 1, 3, 2, 0, 2, 4, 8, 18, 10, 11, 3, 2, 7, 1, 3, 12, 3, 5, 4, 5, 2, 0, 1, 11, 81, 10, 2, 11, 2, 10, 1, 2, 2, 2, 1, 2, 1, 8, 4, 4, 4, 1, 0, 0, 3, 5, 0, 10, 55, 2, 2, 20, 2, 3, 2, 46, 36, 9, 2, 1, 113, 3, 18, 56, 32, 4, 3, 6, 5, 15, 11, 102, 95, 6, 53, 47, 8, 1, 46, 136, 30, 0, 5, 38, 1, 5, 7, 194, 67, 2, 3, 3, 26, 5, 10, 193, 7, 2, 2, 2, 1, 13, 4, 113, 12, 9, 3, 4, 1, 4, 2, 2, 15, 131, 5, 153, 6, 0, 0, 19, 3, 0, 0, 2, 0, 0, 2, 1, 10, 7, 3, 1, 2, 5, 3, 41, 9, 7, 0, 14, 6, 0, 10, 15, 2, 1, 3, 2, 1, 7, 7, 19, 13, 7, 9, 7, 9, 15, 17, 16, 10, 11, 12, 12, 1, 15, 4, 25, 2, 1, 3, 6, 6, 2, 5, 5, 124, 330, 10, 266, 4, 7, 4, 1, 4, 4, 0, 2, 4, 0, 5, 1, 8, 8, 0, 9, 2, 11, 3, 3, 13, 1, 11, 2, 1, 1, 9, 6, 6, 9, 4, 4, 4, 1, 0, 5, 4, 3, 5, 2, 2, 7, 96, 8, 1, 4, 0, 6, 5, 2, 2, 12, 1, 4, 2, 2, 0, 3, 1, 2, 4, 1, 3, 1, 1, 3, 6, 3, 0, 4, 5, 0, 0, 1, 11, 6, 0, 10, 3, 10, 3, 3, 5, 20, 10, 1, 11, 4, 1, 4, 1, 3, 10, 9, 6, 10, 12, 4, 6, 4, 45, 4, 2, 8, 68, 0, 43, 55, 3, 1, 1, 9, 2, 12, 10, 46, 10, 2, 1, 4, 0, 7, 0, 16, 126, 165, 2, 74, 11, 2, 2, 11, 193, 5, 5, 1, 19, 2, 33, 90, 12, 39, 1, 27, 22, 30, 1, 76, 106, 4, 38, 5, 13, 4, 13, 24, 25, 11, 12, 12, 6, 3, 5, 60, 26, 0, 14, 3, 16, 1, 108, 51, 21, 2, 1, 10, 3, 6, 4, 8, 2, 5, 0, 4, 0, 1, 3, 12, 26, 85, 0, 284, 11, 10, 2, 7, 8, 0, 4, 1, 1, 2, 6, 4, 14, 1, 3, 5, 3, 5, 9, 24, 38, 3, 3, 6, 3, 1, 3, 4, 5, 2, 1, 1, 0, 2, 4, 6, 15, 8, 6, 7, 3, 6, 1, 3, 4, 4, 5, 9, 5, 2, 7, 11, 18, 8, 13, 9, 4, 7, 8, 5, 38, 232, 4, 115, 21, 14, 1, 63, 3, 3, 2, 0, 0, 1, 8, 3, 3, 9, 0, 6, 6, 3, 4, 38, 23, 1, 3, 1, 7, 1, 0, 0, 3, 3, 1, 9, 3, 1, 2, 16, 15, 5, 5, 3, 40, 2, 247, 120, 4, 3, 1, 16, 4, 3, 0, 26, 3, 4, 1, 4, 1, 0, 2, 2, 4, 2, 2, 1, 2, 4, 1, 5, 0, 1, 1, 2, 1, 0, 8, 0, 8, 5, 2, 5, 9, 0, 9, 12, 18, 4, 0, 7, 4, 1, 2, 12, 6, 17, 1, 7, 0, 1, 0, 2, 3, 4, 1, 7, 12, 2, 33, 13, 9, 3, 0, 13, 8, 2, 5, 8, 6, 8, 7, 6, 3, 1, 4, 5, 62, 81, 8, 51, 6, 1, 1, 51, 14, 5, 1, 17, 11, 10, 52, 50, 18, 37, 9, 12, 33, 38, 49, 302, 52, 5, 2, 8, 3, 1, 16, 5, 26, 10, 2, 34, 0, 0, 2, 32, 30, 0, 6, 2, 51, 0, 21, 6, 15, 14, 0, 6, 8, 4, 1, 7, 15, 5, 2, 6, 6, 1, 0, 5, 4, 58, 1, 243, 2, 0, 9, 67, 2, 1, 1, 3, 2, 1, 4, 0, 7, 11, 0, 6, 6, 1, 1, 21, 4, 5, 0, 1, 12, 0, 11, 4, 11, 13, 0, 8, 2, 4, 10, 1, 14, 2, 13, 9, 4, 5, 6, 14, 9, 3, 3, 5, 4, 0, 6, 4, 8, 2, 7, 2, 1, 3, 9, 6, 27, 94, 5, 75, 16, 1, 8, 27, 2, 2, 0, 2, 3, 3, 12, 0, 7, 5, 0, 4, 7, 11, 10, 14, 12, 2, 16, 1, 3, 0, 3, 6, 2, 1, 2, 2, 1, 1, 1, 8, 12, 8, 3, 11, 90, 5, 199, 5, 2, 4, 3, 2, 5, 5, 2, 36, 4, 6, 8, 0, 18, 7, 12, 5, 7, 11, 6, 15, 8, 3, 2, 8, 4, 3, 1, 6, 8, 0, 4, 1, 2, 0, 4, 1, 2, 8, 3, 5, 2, 10, 4, 10, 5, 2, 4, 2, 10, 5, 1, 3, 3, 4, 1, 7, 0, 13, 2, 2, 232, 3, 37, 9, 3, 12, 3, 3, 3, 4, 2, 2, 53, 13, 1, 11, 3, 1, 11, 12, 101, 17, 4, 39, 6, 6, 10, 42, 93, 5, 10, 9, 28, 14, 14, 46, 70, 23, 3, 5, 22, 9, 45, 99, n
42, 24, 61, 35, 15, 6, 9, 55, 28, 32, 1, 109, 3, 13, 1, 139, 41, 5, 15, 16, 9, 1, 49, 105, 0, 3, 0, 8, 9, 4, 7, 107, 26, 3, 25, 5, 6, 1, 2, 2, 22, 6, 37, 441, 5, 2, 6, 98, 5, 3, 4, 1, 3, 1, 9, 11, 7, 1, 1, 1, 1, 2, 1, 76, 82, 2, 28, 1, 26, 2, 6, 0, 0, 16, 1, 3, 3, 12, 2, 12, 15, 3, 3, 5, 44, 4, 8, 9, 2, 1, 3, 2, 6, 2, 1, 16, 8, 5, 3, 4, 1, 2, 6, 11, 24, 35, 11, 59, 11, 3, 4, 85, 11, 1, 1, 3, 16, 4, 7, 0, 1, 7, 1, 2, 4, 2, 8, 24, 2, 3, 1, 12, 5, 2, 3, 4, 6, 9, 1, 4, 3, 0, 3, 12, 25, 1, 0, 11, 35, 3, 3, 37, 7, 1, 1, 1, 0, 6, 2, 22, 2, 1, 0, 1, 2, 0, 3, 1, 1, 6, 3, 52, 1, 1, 2, 16, 2, 3, 0, 2, 4, 1, 5, 4, 2, 4, 4, 30, 2, 19, 1, 45, 19, 12, 5, 7, 8, 1, 0, 3, 0, 7, 5, 2, 1, 3, 2, 9, 79, 7, 9, 17, 443, 66, 110, 10, 6, 4, 2, 11, 6, 37, 2, 4, 9, 6, 1, 1, 1, 6, 5, 1, 105, 36, 8, 3, 1, 4, 6, 57, 40, 8, 0, 2, 70, 7, 5, 33, 7, 43, 0, 11, 16, 91, 14, 61, 69, 6, 25, 45, 11, 7, 48, 121, 30, 27, 11, 22, 8, 5, 3, 142, 49, 0, 3, 3, 14, 8, 35, 129, 13, 6, 0, 5, 4, 11, 2, 128, 5, 0, 0, 7, 3, 0, 1, 1, 14, 55, 2, 27, 2, 1, 2, 13, 3, 0, 0, 2, 1, 1, 7, 7, 7, 2, 4, 4, 3, 2, 2, 25, 15, 4, 11, 4, 8, 2, 13, 13, 1, 13, 4, 9, 3, 6, 6, 14, 13, 7, 8, 5, 3, 13, 2, 6, 6, 1, 0, 3, 9, 4, 19, 1, 3, 6, 0, 5, 3, 4, 0, 6, 54, 382, 5, 69, 4, 15, 0, 20, 4, 4, 3, 1, 3, 1, 3, 2, 4, 3, 2, 2, 0, 13, 1, 2, 9, 2, 0, 4, 1, 1, 15, 8, 1, 2, 1, 3, 6, 0, 0, 8, 13, 8, 31, 6, 92, 2, 533, 53, 2, 1, 1, 4, 3, 4, 6, 20, 0, 1, 0, 1, 1, 0, 1, 2, 2, 2, 1, 4, 1, 0, 0, 6, 5, 1, 2, 1, 3, 2, 33, 1, 2, 6, 1, 3, 6, 6, 13, 8, 17, 6, 3, 1, 0, 2, 0, 4, 5, 5, 2, 0, 2, 0, 2, 3, 13, 9, 2, 1, 92, 4, 182, 17, 5, 1, 1, 3, 2, 6, 2, 7, 40, 3, 2, 4, 1, 7, 2, 8, 70, 23, 1, 4, 20, 1, 5, 23, 75, 2, 5, 4, 6, 3, 9, 37, 41, 13, 2, 24, 10, 67, 5, 115, 97, 14, 22, 2, 4, 0, 36, 57, 50, 4, 17, 97, 11, 9, 20, 232, 31, 0, 14, 3, 28, 1, 151, 65, 23, 4, 2, 7, 9, 3, 3, 34, 21, 1, 1, 6, 10, 1, 1, 8, 15, 46, 14, 61, 13, 4, 20, 93, 1, 1, 3, 4, 4, 0, 12, 1, 23, 1, 4, 7, 3, 3, 2, 28, 26, 7, 3, 2, 4, 0, 2, 1, 20, 20, 1, 3, 1, 3, 8, 1, 20, 10, 7, 5, 11, 10, 1, 7, 1, 3, 3, 6, 5, 2, 7, 9, 18, 2, 16, 10, 9, 9, 11, 3, 233, 580, 5, 139, 1, 26, 1, 34, 5, 0, 1, 0, 19, 1, 1, 3, 21, 19, 2, 2, 0, 26, 17, 21, 20, 10, 5, 3, 1, 2, 1, 7, 5, 3, 2, 18, 2, 5, 2, 6, 4, 1, 39, 1, 8, 5, 610, 178, 0, 0, 2, 11, 12, 2, 3, 19, 0, 3, 0, 3, 0, 3, 0, 6, 5, 0, 3, 7, 1, 3, 3, 12, 1, 0, 1, 3, 3, 0, 32, 11, 9, 7, 1, 5, 5, 0, 13, 9, 25, 10, 5, 5, 1, 4, 0, 14, 2, 1, 1, 3, 1, 2, 1, 5, 109, 15, 3, 14, 31, 4, 6, 21, 3, 2, 0, 12, 8, 5, 2, 1, 68, 5, 1, 2, 7, 0, 7, 7, 101, 298, 1, 69, 6, 28, 7, 41, 242, 20, 1, 21, 146, 11, 12, 58, 32, 6, 0, 4, 19, 30, 24, 89, 138, 26, 7, 8, 9, 1, 11, 17, 36, 14, 0, 85, 0, 3, 4, 97, 34, 1, 6, 6, 60, 0, 50, 123, 8, 19, 2, 0, 0, 10, 0, 4, 10, 7, 2, 1, 5, 1, 6, 6, 6, 45, 4, 510, 9, 1, 7, 67, 3, 2, 1, 2, 1, 1, 20, 19, 12, 9, 1, 6, 5, 2, 5, 26, 27, 1, 4, 4, 12, 0, 5, 1, 10, 12, 2, 8, 3, 7, 7, 4, 3, 0, 6, 10, 2, 2, 11, 3, 5, 7, 4, 3, 5, 10, 9, 3, 5, 1, 11, 2, 8, 1, 2, 4, 32, 3, 2, 219, 19, 1, 3, 21, 0, 2, 1, 1, 9, 0, 12, 0, 8, 1, 2, 0, 14, 11, 15, 0, 37, 1, 15, 9, 1, 2, 8, 5, 10, 5, 1, 4, 1, 1, 4, 2, 18, 4, 12, 18, 90, 0, 84, 97, 3, 0, 1, 3, 3, 3, 1, 9, 1, 0, 3, 5, 0, 0, 2, 0, 6, 2, 0, 9, 1, 1, 2, 5, 0, 1, 3, 0, 3, 1, 6, 14, 3, 2, 4, 5, 2, 15, 0, 30, 17, 12, 1, 1, 2, 0, 15, 2, 6, 23, 1, 9, 1, 0, 0, 0, 77, 17, 7, 7, 501, 5, 295, 16, 0, 7, 2, 8, 4, 9, 7, 4, 55, 11, 2, 1, 0, 1, 3, 7, 165, 73, 6, 16, 16, 3, 5, 48, 50, 4, 16, 16, 85, 7, 35, 41, 42, 5, 9, 12, 30, 16, 32, 78, n
109, 2, 12, 4, 6, 11, 7, 27, 21, 22, 8, 120, 3, 4, 3, 172, 36, 5, 9, 11, 2, 11, 36, 15, 5, 2, 4, 0, 4, 5, 2, 91, 13, 8, 15, 1, 6, 0, 7, 3, 13, 60, 10, 29, 1, 0, 5, 106, 2, 1, 4, 1, 4, 6, 8, 2, 1, 3, 0, 1, 3, 13, 4, 45, 6, 5, 9, 3, 1, 4, 3, 2, 3, 6, 2, 19, 1, 3, 1, 15, 2, 1, 3, 3, 4, 4, 4, 4, 1, 0, 2, 4, 8, 9, 3, 17, 3, 3, 0, 3, 9, 2, 10, 4, 4, 227, 10, 190, 6, 3, 7, 27, 8, 0, 2, 0, 6, 5, 3, 6, 3, 3, 1, 6, 5, 8, 4, 17, 2, 0, 3, 6, 4, 0, 0, 1, 12, 12, 6, 1, 0, 6, 5, 19, 7, 1, 6, 9, 36, 5, 22, 73, 7, 2, 0, 12, 2, 2, 4, 17, 4, 3, 5, 5, 1, 0, 4, 1, 1, 0, 1, 2, 1, 1, 3, 1, 3, 2, 2, 2, 3, 0, 3, 3, 2, 1, 1, 9, 2, 2, 5, 32, 3, 4, 1, 3, 0, 1, 2, 6, 0, 8, 5, 7, 3, 0, 2, 12, 25, 9, 5, 12, 207, 5, 26, 18, 0, 8, 2, 8, 3, 5, 4, 11, 37, 6, 1, 0, 0, 5, 2, 10, 95, 4, 8, 7, 3, 3, 7, 4, 60, 4, 1, 1, 37, 7, 21, 1, 38, 31, 2, 1, 6, 5, 5, 148, 101, 7, 39, 48, 10, 6, 33, 148, 53, 28, 6, 36, 10, 9, 5, 235, 86, 12, 11, 17, 17, 13, 40, 266, 18, 1, 0, 7, 3, 10, 15, 180, 9, 7, 6, 5, 0, 0, 0, 5, 11, 35, 11, 96, 3, 0, 1, 41, 4, 1, 5, 1, 0, 0, 10, 9, 2, 3, 1, 2, 3, 3, 3, 39, 22, 9, 10, 2, 1, 1, 7, 11, 7, 13, 1, 12, 2, 7, 9, 11, 2, 4, 7, 8, 0, 16, 9, 16, 7, 10, 9, 11, 2, 15, 2, 26, 8, 2, 9, 5, 5, 1, 2, 9, 31, 131, 9, 283, 1, 3, 5, 26, 0, 1, 1, 1, 3, 0, 0, 15, 1, 8, 1, 4, 7, 2, 1, 2, 7, 0, 2, 2, 2, 3, 1, 10, 8, 8, 1, 3, 6, 1, 2, 7, 7, 4, 17, 3, 22, 0, 238, 21, 8, 2, 0, 9, 6, 3, 6, 35, 0, 1, 2, 1, 0, 0, 1, 2, 5, 1, 1, 6, 0, 0, 0, 12, 3, 1, 4, 0, 1, 1, 6, 2, 1, 1, 1, 5, 5, 4, 4, 20, 5, 1, 3, 3, 1, 0, 6, 7, 5, 5, 1, 11, 0, 0, 0, 4, 47, 3, 1, 8, 142, 7, 207, 31, 1, 3, 1, 12, 1, 4, 4, 53, 30, 3, 1, 7, 7, 7, 0, 19, 91, 42, 1, 31, 15, 5, 1, 54, 95, 2, 2, 1, 32, 6, 15, 77, 56, 32, 1, 8, 30, 45, 2, 129, 104, 8, 10, 9, 1, 0, 7, 4, 65, 61, 13, 102, 1, 3, 6, 117, 45, 7, 7, 11, 11, 2, 55, 90, 23, 6, 2, 7, 2, 7, 4, 28, 26, 2, 5, 3, 7, 3, 0, 8, 46, 28, 5, 42, 13, 1, 11, 94, 12, 3, 0, 1, 2, 1, 3, 2, 23, 0, 0, 2, 8, 4, 4, 45, 7, 8, 10, 2, 7, 1, 5, 1, 1, 2, 0, 3, 4, 4, 3, 3, 15, 3, 2, 3, 11, 3, 16, 2, 2, 1, 2, 10, 5, 2, 3, 8, 17, 13, 7, 4, 4, 9, 1, 3, 4, 113, 3, 118, 20, 17, 5, 66, 4, 1, 4, 2, 8, 0, 9, 3, 13, 3, 6, 3, 10, 1, 2, 46, 25, 4, 2, 7, 3, 2, 1, 6, 5, 10, 5, 19, 0, 1, 0, 11, 17, 4, 3, 13, 14, 2, 52, 2, 6, 7, 1, 11, 2, 0, 4, 7, 2, 1, 1, 3, 1, 1, 0, 1, 3, 6, 2, 3, 1, 0, 1, 11, 3, 0, 0, 1, 6, 0, 4, 4, 7, 7, 1, 1, 7, 1, 11, 9, 2, 9, 0, 2, 3, 0, 2, 15, 13, 22, 1, 10, 2, 1, 2, 6, 28, 8, 1, 20, 3, 6, 81, 21, 12, 4, 0, 15, 3, 3, 1, 18, 32, 9, 0, 2, 3, 1, 5, 2, 222, 4, 6, 1, 5, 1, 4, 48, 86, 8, 5, 15, 49, 1, 27, 40, 76, 14, 0, 11, 12, 33, 9, 167, 135, 1, 5, 10, 6, 5, 23, 9, 26, 8, 10, 46, 0, 2, 6, 37, 52, 4, 2, 3, 62, 3, 32, 37, 6, 12, 1, 4, 3, 12, 5, 14, 14, 4, 0, 3, 4, 1, 0, 0, 38, 13, 1, 189, 11, 2, 12, 17, 5, 0, 1, 5, 9, 2, 11, 7, 14, 7, 0, 5, 7, 6, 2, 16, 21, 10, 20, 8, 8, 1, 3, 4, 1, 16, 0, 8, 0, 5, 10, 3, 11, 1, 9, 8, 8, 5, 14, 3, 10, 0, 1, 6, 2, 2, 2, 2, 30, 2, 4, 0, 5, 0, 2, 7, 58, 103, 6, 179, 14, 5, 12, 31, 0, 1, 1, 5, 12, 0, 4, 2, 8, 5, 7, 10, 13, 11, 9, 20, 25, 1, 15, 4, 0, 2, 7, 3, 8, 3, 0, 7, 2, 1, 1, 7, 89, 8, 13, 18, 4, 1, 35, 27, 8, 10, 1, 4, 1, 1, 2, 7, 3, 0, 1, 4, 0, 0, 1, 0, 2, 3, 1, 8, 0, 1, 2, 4, 6, 3, 2, 2, 5, 2, 8, 6, 1, 5, 1, 6, 2, 3, 2, 16, 24, 8, 1, 1, 10, 1, 2, 7, 11, 14, 3, 1, 1, 1, 3, 1, 37, 19, 2, 3, 185, 5, 41, 15, 0, 2, 3, 5, 4, 5, 6, 15, 47, 10, 6, 7, 2, 0, 14, 12, 148, 50, 9, 36, 12, 1, 1, 57, 23, 7, 2, 10, 11, 18, 6, 60, 70, 76, 4, 9, 56, 30, 27, 79, n
158, 30, 54, 8, 23, 30, 20, 97, 67, 53, 14, 5, 1, 7, 11, 85, 38, 9, 13, 17, 46, 11, 15, 94, 7, 4, 2, 3, 4, 4, 6, 50, 8, 5, 3, 7, 3, 1, 4, 12, 10, 15, 2, 431, 5, 1, 9, 37, 4, 2, 0, 2, 9, 2, 9, 9, 10, 2, 0, 0, 9, 1, 7, 30, 8, 9, 13, 9, 3, 1, 1, 6, 1, 18, 3, 8, 4, 1, 6, 1, 6, 2, 2, 5, 9, 7, 14, 11, 1, 1, 3, 4, 9, 8, 3, 10, 33, 4, 2, 1, 15, 0, 8, 6, 32, 88, 9, 210, 15, 7, 6, 57, 17, 3, 2, 3, 4, 7, 1, 4, 2, 8, 2, 1, 9, 2, 3, 6, 11, 2, 6, 8, 3, 0, 2, 8, 13, 14, 6, 5, 2, 4, 7, 6, 32, 5, 4, 16, 15, 7, 9, 29, 9, 2, 1, 9, 2, 5, 4, 38, 5, 0, 0, 1, 1, 0, 5, 0, 2, 4, 1, 3, 2, 2, 3, 0, 2, 3, 4, 2, 4, 0, 0, 6, 3, 3, 1, 3, 3, 1, 3, 2, 7, 11, 2, 8, 2, 0, 0, 8, 6, 11, 4, 5, 2, 2, 2, 12, 66, 5, 11, 8, 26, 22, 100, 37, 3, 4, 2, 3, 6, 3, 2, 44, 43, 6, 1, 0, 2, 3, 1, 11, 141, 27, 7, 17, 7, 3, 0, 84, 11, 1, 2, 9, 68, 2, 4, 41, 35, 63, 3, 5, 4, 12, 7, 738, 89, 6, 27, 6, 13, 3, 37, 100, 47, 15, 1, 42, 13, 6, 2, 179, 88, 6, 11, 2, 4, 2, 4, 141, 15, 0, 1, 4, 0, 8, 5, 50, 5, 0, 2, 3, 4, 1, 2, 2, 3, 96, 9, 202, 4, 1, 6, 27, 4, 1, 2, 1, 3, 0, 8, 13, 2, 8, 3, 3, 2, 4, 3, 10, 20, 0, 13, 5, 13, 2, 5, 9, 1, 5, 0, 12, 1, 6, 8, 10, 13, 9, 6, 9, 6, 15, 10, 9, 12, 10, 11, 11, 1, 16, 4, 24, 1, 5, 1, 5, 5, 1, 3, 6, 84, 165, 20, 277, 6, 12, 13, 17, 2, 4, 3, 4, 1, 1, 7, 5, 1, 17, 4, 10, 5, 1, 1, 25, 2, 2, 2, 11, 2, 1, 3, 7, 1, 2, 4, 6, 6, 1, 3, 17, 12, 7, 8, 4, 3, 2, 132, 14, 4, 2, 2, 3, 1, 4, 12, 1, 5, 3, 2, 5, 2, 3, 5, 2, 1, 2, 3, 0, 1, 1, 0, 3, 2, 0, 0, 1, 4, 0, 4, 12, 0, 5, 1, 6, 2, 4, 2, 5, 27, 5, 1, 1, 2, 1, 9, 15, 7, 0, 1, 4, 0, 1, 2, 3, 2, 9, 8, 10, 125, 6, 133, 8, 12, 1, 1, 4, 5, 0, 3, 3, 49, 1, 1, 2, 1, 7, 7, 17, 11, 118, 1, 60, 22, 10, 2, 33, 184, 3, 5, 4, 20, 0, 10, 67, 20, 13, 1, 58, 17, 18, 5, 1121, 115, 15, 45, 1, 3, 3, 3, 26, 37, 13, 10, 17, 7, 6, 10, 24, 15, 2, 0, 5, 6, 3, 106, 211, 18, 11, 4, 8, 1, 0, 4, 65, 15, 0, 1, 1, 8, 0, 0, 6, 19, 97, 5, 193, 9, 4, 8, 18, 1, 3, 2, 3, 6, 0, 1, 4, 19, 8, 4, 3, 4, 5, 13, 27, 30, 5, 8, 1, 1, 2, 4, 4, 3, 2, 1, 2, 2, 5, 8, 0, 12, 6, 3, 4, 6, 2, 7, 8, 1, 5, 2, 9, 2, 5, 2, 5, 2, 1, 20, 14, 4, 5, 3, 3, 30, 262, 3, 247, 20, 8, 7, 47, 3, 0, 7, 1, 5, 1, 4, 5, 2, 10, 0, 0, 1, 1, 1, 16, 1, 3, 8, 0, 3, 0, 2, 3, 4, 7, 3, 9, 3, 0, 3, 7, 2, 3, 2, 3, 22, 0, 156, 119, 1, 4, 1, 9, 4, 0, 5, 2, 0, 0, 1, 1, 1, 0, 0, 0, 1, 1, 1, 2, 0, 0, 2, 9, 1, 1, 1, 2, 4, 0, 4, 8, 12, 3, 2, 2, 11, 5, 11, 20, 39, 5, 2, 2, 1, 2, 2, 8, 7, 21, 1, 2, 1, 1, 4, 2, 22, 9, 12, 12, 34, 2, 56, 4, 4, 1, 0, 9, 2, 4, 1, 36, 32, 14, 7, 6, 0, 1, 0, 2, 197, 23, 8, 107, 2, 2, 2, 6, 78, 13, 9, 5, 13, 2, 15, 27, 113, 14, 4, 27, 14, 28, 9, 201, 101, 34, 6, 8, 8, 2, 8, 3, 44, 26, 3, 28, 3, 1, 10, 37, 42, 5, 4, 8, 28, 4, 3, 26, 13, 16, 2, 1, 6, 8, 1, 2, 8, 2, 2, 1, 4, 1, 3, 7, 21, 41, 7, 309, 1, 2, 8, 45, 1, 1, 1, 3, 3, 1, 8, 13, 9, 1, 0, 6, 1, 1, 2, 2, 13, 0, 10, 4, 7, 2, 1, 13, 0, 22, 5, 7, 2, 6, 6, 9, 1, 4, 8, 6, 3, 7, 2, 2, 10, 4, 3, 8, 1, 0, 1, 4, 1, 2, 6, 0, 6, 7, 7, 4, 57, 31, 16, 107, 3, 9, 18, 44, 7, 6, 7, 12, 10, 3, 11, 4, 0, 6, 10, 3, 7, 2, 1, 19, 33, 0, 16, 5, 6, 0, 0, 7, 1, 6, 1, 12, 4, 0, 0, 11, 66, 6, 1, 22, 73, 7, 120, 47, 4, 6, 2, 10, 1, 1, 4, 22, 2, 0, 1, 5, 1, 0, 2, 1, 0, 1, 2, 6, 1, 2, 0, 3, 4, 0, 3, 1, 1, 2, 6, 7, 4, 4, 3, 6, 0, 9, 0, 24, 10, 12, 12, 0, 2, 1, 19, 1, 12, 22, 1, 10, 4, 0, 1, 5, 63, 17, 24, 3, 378, 14, 292, 37, 8, 3, 2, 0, 2, 9, 13, 3, 24, 11, 2, 5, 2, 1, 3, 10, 72, 20, 1, 22, 18, 1, 6, 27, 73, 1, 8, 11, 68, 3, 49, 20, 48, 10, 9, 24, 12, 18, 51, 221, n
39, 2, 21, 2, 19, 5, 10, 7, 39, 23, 7, 103, 4, 2, 17, 157, 21, 0, 1, 1, 26, 4, 41, 58, 7, 7, 2, 10, 4, 4, 5, 128, 37, 0, 12, 2, 11, 1, 2, 9, 47, 110, 15, 270, 4, 8, 13, 103, 18, 10, 2, 1, 11, 2, 15, 4, 2, 0, 5, 5, 4, 1, 3, 25, 22, 5, 4, 11, 7, 2, 3, 4, 15, 3, 2, 9, 1, 8, 5, 2, 12, 2, 3, 1, 13, 4, 5, 4, 4, 0, 4, 4, 5, 5, 2, 7, 44, 10, 2, 1, 3, 0, 7, 5, 62, 284, 1, 236, 12, 5, 12, 30, 6, 3, 0, 2, 12, 5, 11, 2, 7, 1, 0, 4, 7, 6, 15, 5, 16, 5, 1, 2, 1, 2, 4, 0, 12, 5, 0, 13, 1, 4, 1, 15, 19, 3, 1, 1, 34, 9, 24, 43, 1, 12, 3, 1, 1, 5, 1, 3, 3, 2, 1, 3, 1, 2, 3, 1, 5, 8, 0, 8, 0, 1, 4, 7, 1, 2, 1, 2, 4, 1, 11, 10, 4, 5, 4, 1, 2, 4, 1, 2, 26, 9, 1, 13, 0, 5, 8, 6, 27, 9, 2, 11, 1, 3, 2, 5, 89, 0, 0, 1, 88, 15, 33, 36, 15, 5, 0, 0, 6, 2, 7, 20, 62, 6, 2, 8, 1, 4, 13, 0, 5, 22, 3, 79, 8, 2, 9, 34, 206, 28, 2, 12, 92, 12, 41, 39, 50, 22, 14, 51, 45, 20, 22, 63, 115, 24, 1, 1, 21, 6, 16, 128, 35, 46, 3, 51, 3, 3, 18, 152, 8, 0, 2, 8, 36, 3, 34, 224, 10, 5, 0, 12, 0, 1, 13, 125, 28, 5, 1, 2, 4, 0, 15, 13, 9, 77, 27, 165, 16, 2, 7, 33, 10, 0, 2, 1, 8, 0, 19, 3, 7, 0, 3, 14, 8, 2, 1, 7, 53, 3, 10, 9, 4, 0, 6, 14, 12, 17, 2, 1, 0, 4, 4, 1, 1, 7, 11, 6, 4, 14, 20, 9, 13, 10, 12, 10, 1, 13, 2, 22, 18, 7, 2, 7, 3, 1, 4, 4, 81, 39, 6, 75, 17, 7, 15, 15, 8, 3, 2, 1, 11, 2, 6, 20, 1, 10, 2, 14, 13, 4, 9, 29, 36, 3, 1, 6, 0, 1, 4, 7, 21, 9, 2, 17, 1, 2, 3, 15, 64, 21, 22, 20, 59, 17, 157, 46, 7, 19, 8, 15, 16, 11, 15, 9, 5, 3, 6, 6, 3, 2, 4, 2, 2, 5, 4, 13, 4, 4, 5, 3, 16, 1, 4, 4, 7, 4, 11, 6, 9, 11, 5, 16, 10, 3, 5, 5, 33, 1, 2, 1, 13, 1, 2, 3, 12, 15, 3, 7, 6, 2, 0, 17, 25, 11, 6, 13, 115, 18, 9, 6, 12, 8, 0, 0, 6, 16, 6, 31, 4, 11, 0, 8, 6, 3, 1, 4, 40, 79, 8, 59, 5, 9, 18, 65, 9, 15, 6, 19, 8, 5, 40, 27, 27, 34, 5, 69, 47, 38, 50, 202, 35, 1, 9, 49, 13, 1, 18, 1, 9, 42, 7, 41, 4, 3, 1, 63, 27, 15, 10, 2, 18, 4, 57, 37, 10, 3, 1, 2, 4, 4, 2, 20, 11, 9, 5, 10, 7, 1, 9, 0, 4, 94, 3, 211, 4, 3, 5, 9, 1, 1, 1, 1, 3, 0, 13, 7, 12, 10, 4, 6, 3, 0, 2, 22, 2, 3, 5, 4, 4, 2, 1, 10, 10, 5, 4, 17, 4, 2, 6, 13, 8, 5, 0, 9, 15, 4, 18, 5, 7, 12, 1, 3, 3, 1, 2, 2, 17, 1, 9, 6, 1, 8, 13, 1, 36, 247, 12, 110, 2, 0, 0, 25, 10, 1, 0, 1, 9, 1, 5, 4, 7, 16, 5, 5, 2, 0, 8, 26, 8, 1, 0, 0, 8, 1, 2, 4, 6, 4, 1, 4, 2, 2, 1, 1, 41, 5, 9, 4, 51, 3, 208, 58, 4, 9, 2, 4, 4, 0, 9, 28, 8, 2, 0, 6, 1, 0, 0, 2, 2, 2, 4, 2, 1, 0, 3, 4, 5, 0, 3, 1, 6, 2, 9, 2, 10, 7, 4, 7, 9, 6, 3, 33, 38, 1, 1, 7, 4, 0, 1, 4, 4, 3, 2, 3, 6, 1, 3, 2, 13, 8, 13, 0, 154, 5, 60, 40, 0, 5, 2, 3, 1, 10, 14, 53, 6, 10, 0, 5, 6, 0, 3, 12, 62, 77, 5, 38, 0, 5, 3, 10, 93, 4, 5, 7, 5, 4, 8, 28, 28, 10, 3, 4, 6, 3, 14, 73, 58, 3, 38, 30, 20, 4, 10, 72, 35, 21, 15, 50, 4, 9, 5, 69, 3, 7, 2, 7, 9, 9, 77, 33, 12, 6, 0, 17, 2, 6, 6, 47, 8, 3, 8, 8, 0, 0, 3, 5, 24, 69, 11, 143, 8, 5, 1, 38, 1, 2, 3, 1, 6, 2, 1, 1, 5, 3, 0, 2, 0, 7, 16, 43, 14, 3, 5, 6, 9, 2, 6, 5, 1, 8, 2, 9, 4, 5, 9, 8, 10, 4, 12, 10, 3, 4, 11, 12, 12, 2, 2, 9, 2, 4, 4, 6, 23, 3, 14, 3, 2, 1, 5, 2, 68, 156, 7, 85, 1, 9, 9, 56, 8, 5, 3, 3, 6, 3, 1, 13, 0, 1, 3, 9, 7, 27, 1, 43, 0, 8, 8, 12, 4, 5, 5, 4, 2, 8, 1, 16, 0, 1, 1, 6, 17, 6, 9, 4, 61, 11, 48, 63, 8, 0, 9, 4, 6, 5, 8, 80, 3, 5, 2, 0, 2, 1, 2, 1, 8, 7, 2, 2, 1, 2, 1, 4, 2, 3, 1, 1, 3, 2, 22, 4, 0, 1, 0, 16, 4, 11, 10, 47, 7, 6, 13, 12, 8, 0, 7, 11, 0, 6, 1, 6, 3, 3, 3, 12, 39, 7, 3, 3, 107, 19, 3, 27, 1, 6, 0, 3, 1, 7, 4, 27, 5, 6, 1, 11, 0, 1, 11, 4, 45, 86, 8, 14, 12, 10, 3, 29, 37, 3, 9, 7, 7, 7, 16, 31, 26, 14, 2, 11, 29, 25, 9, 139, n
52, 24, 122, 41, 3, 9, 19, 50, 54, 44, 6, 90, 12, 14, 8, 215, 50, 12, 1, 21, 5, 3, 7, 58, 7, 7, 5, 6, 2, 12, 5, 165, 15, 2, 20, 4, 0, 11, 1, 7, 14, 108, 30, 733, 8, 5, 2, 105, 4, 5, 2, 1, 4, 2, 7, 15, 12, 2, 1, 2, 11, 11, 8, 43, 91, 5, 58, 7, 18, 4, 10, 3, 3, 10, 4, 19, 0, 2, 2, 13, 1, 4, 1, 5, 31, 4, 18, 13, 0, 2, 2, 1, 9, 7, 5, 19, 3, 3, 9, 5, 12, 4, 4, 9, 11, 118, 1, 115, 11, 4, 1, 95, 6, 1, 2, 2, 5, 6, 1, 18, 4, 9, 0, 6, 7, 10, 4, 53, 6, 4, 0, 12, 0, 1, 0, 7, 16, 14, 7, 8, 4, 4, 7, 23, 2, 3, 5, 21, 68, 2, 222, 27, 7, 1, 1, 12, 4, 14, 5, 5, 2, 0, 1, 0, 0, 0, 5, 0, 3, 4, 0, 33, 2, 1, 3, 5, 5, 3, 3, 1, 10, 1, 13, 2, 2, 15, 1, 24, 2, 20, 0, 108, 17, 12, 2, 1, 9, 1, 11, 11, 8, 7, 5, 8, 2, 1, 1, 20, 43, 8, 4, 18, 357, 31, 137, 6, 6, 3, 1, 6, 8, 14, 5, 9, 46, 3, 3, 7, 6, 6, 8, 9, 185, 65, 3, 40, 5, 7, 6, 99, 34, 1, 0, 15, 12, 3, 35, 77, 86, 40, 10, 18, 13, 96, 7, 158, 32, 21, 32, 6, 14, 5, 58, 135, 23, 18, 8, 2, 12, 8, 4, 239, 78, 6, 7, 9, 12, 9, 19, 307, 12, 1, 0, 5, 2, 1, 14, 205, 10, 6, 3, 5, 2, 0, 1, 5, 18, 163, 12, 104, 12, 10, 4, 16, 5, 1, 3, 8, 1, 8, 8, 0, 1, 12, 2, 9, 4, 4, 11, 2, 44, 21, 10, 9, 8, 1, 18, 15, 8, 36, 4, 10, 1, 4, 3, 12, 13, 8, 11, 8, 5, 15, 17, 18, 11, 8, 9, 10, 2, 14, 2, 23, 9, 5, 1, 8, 0, 1, 1, 9, 116, 526, 5, 267, 6, 45, 4, 5, 1, 1, 5, 1, 0, 6, 0, 2, 4, 18, 1, 13, 9, 16, 2, 3, 12, 3, 1, 2, 1, 2, 2, 3, 4, 6, 4, 3, 5, 1, 2, 10, 13, 4, 20, 11, 5, 1, 441, 27, 9, 2, 1, 9, 0, 2, 1, 45, 1, 0, 0, 1, 0, 1, 0, 2, 5, 0, 0, 1, 0, 0, 3, 0, 1, 0, 0, 0, 3, 0, 25, 7, 4, 4, 1, 8, 6, 15, 19, 29, 15, 4, 5, 7, 1, 2, 0, 9, 8, 3, 1, 12, 1, 3, 0, 7, 82, 16, 0, 9, 6, 3, 17, 86, 3, 4, 2, 7, 5, 9, 10, 85, 21, 3, 2, 11, 4, 7, 5, 7, 27, 143, 5, 30, 13, 0, 8, 61, 104, 3, 12, 8, 85, 4, 49, 101, 26, 20, 5, 6, 23, 53, 5, 39, 79, 2, 20, 19, 2, 11, 30, 9, 42, 5, 8, 30, 4, 9, 4, 32, 7, 1, 3, 7, 2, 4, 19, 87, 0, 1, 3, 3, 1, 5, 2, 41, 21, 2, 11, 16, 2, 1, 2, 6, 34, 121, 0, 209, 14, 9, 14, 77, 1, 2, 1, 2, 1, 1, 3, 4, 17, 9, 1, 7, 1, 2, 5, 4, 42, 4, 7, 2, 10, 1, 4, 3, 9, 8, 3, 6, 2, 6, 9, 11, 19, 10, 8, 8, 7, 10, 5, 4, 3, 0, 5, 10, 4, 2, 4, 3, 20, 8, 14, 4, 3, 8, 12, 1, 4, 324, 8, 283, 19, 10, 10, 33, 2, 4, 7, 1, 16, 3, 6, 2, 8, 11, 5, 3, 11, 6, 1, 4, 0, 1, 3, 2, 4, 1, 0, 0, 3, 4, 4, 16, 5, 2, 2, 8, 11, 0, 1, 1, 9, 2, 19, 13, 6, 1, 1, 9, 10, 1, 1, 6, 3, 0, 1, 2, 1, 0, 1, 0, 8, 8, 0, 8, 0, 1, 2, 10, 5, 1, 0, 0, 2, 1, 3, 6, 9, 9, 2, 3, 10, 1, 12, 7, 19, 8, 0, 8, 1, 2, 2, 16, 7, 14, 1, 1, 3, 0, 0, 3, 27, 10, 3, 15, 53, 3, 17, 26, 8, 4, 1, 13, 5, 4, 3, 41, 2, 6, 6, 4, 5, 0, 6, 0, 43, 38, 8, 0, 7, 2, 7, 12, 96, 11, 8, 10, 86, 6, 55, 11, 72, 1, 8, 21, 1, 14, 8, 44, 125, 21, 30, 14, 3, 0, 29, 24, 40, 3, 8, 28, 2, 2, 7, 60, 46, 0, 2, 6, 55, 2, 31, 22, 15, 9, 0, 7, 3, 6, 7, 6, 11, 5, 1, 1, 4, 2, 7, 3, 14, 48, 1, 356, 5, 1, 11, 32, 9, 1, 1, 4, 6, 7, 7, 10, 10, 8, 3, 0, 7, 2, 4, 3, 6, 1, 21, 13, 12, 1, 3, 6, 4, 11, 1, 10, 3, 9, 8, 0, 15, 4, 12, 8, 8, 9, 6, 12, 12, 1, 1, 8, 4, 0, 5, 11, 25, 1, 13, 3, 14, 2, 3, 7, 1, 110, 2, 285, 15, 2, 9, 38, 0, 1, 2, 5, 11, 0, 9, 4, 10, 3, 12, 3, 5, 11, 12, 10, 21, 14, 19, 4, 1, 2, 2, 5, 0, 8, 1, 13, 1, 0, 2, 12, 43, 2, 12, 10, 108, 2, 119, 52, 11, 12, 1, 2, 1, 3, 1, 5, 1, 1, 1, 5, 1, 0, 1, 0, 3, 5, 0, 2, 1, 1, 1, 1, 2, 0, 4, 1, 1, 2, 1, 4, 0, 5, 1, 2, 2, 6, 2, 3, 34, 6, 5, 2, 2, 1, 2, 4, 17, 19, 3, 8, 0, 2, 3, 5, 32, 11, 1, 5, 349, 4, 247, 1, 9, 4, 1, 6, 5, 0, 7, 15, 77, 9, 2, 9, 5, 2, 9, 5, 157, 7, 6, 25, 10, 3, 3, 70, 59, 8, 14, 11, 15, 18, 4, 49, 79, 29, 0, 18, 50, 8, 33, 131, n
125, 6, 66, 39, 34, 2, 54, 44, 88, 33, 10, 21, 4, 1, 4, 130, 65, 5, 11, 4, 77, 13, 108, 90, 7, 7, 0, 2, 6, 4, 18, 29, 19, 2, 8, 1, 2, 2, 12, 7, 63, 77, 9, 20, 3, 3, 11, 2, 8, 7, 3, 1, 11, 2, 0, 6, 1, 2, 3, 5, 2, 8, 1, 51, 46, 5, 10, 8, 7, 0, 5, 2, 11, 3, 3, 6, 1, 5, 3, 4, 1, 1, 3, 1, 17, 2, 16, 2, 4, 9, 3, 6, 2, 2, 13, 4, 47, 22, 3, 13, 16, 5, 5, 4, 82, 138, 3, 97, 14, 6, 25, 34, 2, 2, 1, 1, 14, 6, 13, 10, 7, 1, 2, 1, 5, 5, 8, 12, 16, 9, 5, 3, 6, 2, 8, 1, 2, 4, 3, 10, 0, 5, 1, 3, 62, 10, 14, 7, 41, 5, 107, 129, 2, 17, 2, 3, 9, 13, 6, 23, 4, 1, 1, 0, 2, 0, 4, 2, 4, 5, 2, 10, 0, 0, 1, 7, 8, 2, 0, 1, 13, 1, 11, 16, 0, 7, 0, 7, 10, 9, 5, 42, 71, 1, 12, 19, 16, 0, 10, 0, 15, 6, 3, 14, 4, 2, 2, 0, 97, 15, 13, 4, 59, 21, 75, 98, 16, 10, 1, 8, 20, 14, 2, 59, 27, 1, 5, 3, 10, 6, 5, 5, 94, 64, 2, 62, 9, 12, 27, 68, 26, 27, 7, 1, 77, 18, 64, 74, 32, 15, 2, 41, 62, 58, 55, 439, 85, 8, 45, 35, 25, 5, 3, 42, 11, 47, 2, 62, 3, 0, 1, 158, 23, 4, 20, 10, 88, 2, 83, 44, 2, 13, 8, 23, 10, 4, 5, 24, 2, 2, 0, 5, 3, 2, 9, 5, 0, 43, 10, 106, 8, 4, 2, 6, 2, 2, 0, 1, 2, 3, 6, 2, 8, 9, 1, 5, 2, 2, 3, 23, 15, 2, 15, 0, 6, 1, 7, 6, 8, 4, 1, 1, 1, 5, 5, 4, 11, 4, 7, 8, 9, 15, 0, 1, 9, 7, 10, 11, 5, 13, 1, 11, 9, 6, 11, 1, 9, 8, 20, 3, 61, 116, 6, 54, 9, 1, 2, 42, 4, 3, 1, 0, 11, 1, 1, 2, 6, 5, 4, 7, 9, 7, 0, 25, 34, 2, 1, 2, 2, 2, 14, 2, 7, 17, 3, 12, 2, 5, 1, 4, 66, 9, 11, 16, 46, 5, 86, 103, 4, 7, 1, 1, 10, 7, 10, 112, 1, 0, 0, 0, 0, 0, 1, 4, 4, 0, 1, 2, 1, 0, 0, 2, 5, 0, 1, 0, 3, 2, 3, 1, 5, 6, 0, 6, 3, 3, 0, 12, 42, 2, 6, 5, 12, 2, 14, 11, 10, 11, 1, 1, 1, 2, 1, 5, 104, 9, 19, 2, 145, 9, 152, 158, 13, 3, 2, 9, 12, 17, 7, 51, 6, 6, 2, 8, 6, 6, 6, 2, 4, 87, 1, 44, 9, 7, 14, 69, 61, 3, 1, 1, 50, 6, 75, 91, 19, 21, 5, 43, 24, 38, 83, 1633, 35, 10, 34, 54, 30, 1, 60, 82, 7, 47, 4, 90, 3, 11, 9, 110, 58, 7, 11, 11, 51, 6, 205, 339, 5, 3, 1, 7, 18, 8, 8, 172, 8, 6, 13, 12, 6, 1, 5, 2, 31, 103, 4, 195, 13, 8, 1, 29, 2, 2, 0, 0, 2, 1, 12, 21, 18, 13, 5, 6, 6, 3, 5, 66, 16, 1, 15, 10, 6, 2, 8, 8, 7, 3, 4, 9, 2, 3, 5, 15, 8, 7, 5, 2, 17, 6, 18, 17, 2, 2, 3, 4, 1, 0, 3, 7, 16, 9, 11, 3, 1, 7, 2, 17, 49, 149, 5, 188, 9, 6, 10, 42, 1, 4, 4, 1, 3, 3, 18, 16, 17, 14, 7, 5, 7, 13, 14, 37, 4, 1, 7, 3, 12, 0, 5, 9, 5, 6, 5, 6, 9, 2, 4, 3, 23, 4, 15, 9, 42, 6, 143, 189, 14, 4, 2, 1, 4, 4, 19, 80, 1, 3, 1, 3, 1, 0, 2, 2, 8, 2, 2, 6, 2, 3, 1, 8, 2, 0, 5, 1, 1, 1, 10, 8, 6, 7, 4, 1, 8, 9, 6, 67, 19, 3, 8, 11, 4, 2, 6, 1, 6, 11, 1, 4, 2, 2, 5, 17, 23, 4, 10, 7, 27, 6, 102, 74, 2, 9, 3, 3, 15, 1, 15, 74, 1, 10, 4, 3, 12, 1, 2, 7, 110, 19, 1, 52, 0, 9, 13, 28, 26, 12, 9, 11, 45, 4, 52, 57, 77, 14, 8, 7, 18, 2, 15, 170, 62, 13, 69, 29, 22, 1, 55, 75, 55, 10, 12, 55, 2, 3, 4, 132, 45, 8, 14, 15, 9, 9, 133, 180, 5, 8, 1, 13, 8, 4, 15, 124, 8, 5, 1, 5, 1, 1, 1, 0, 19, 46, 3, 206, 3, 5, 1, 45, 5, 0, 0, 4, 0, 0, 13, 4, 4, 5, 2, 3, 2, 2, 1, 41, 6, 9, 13, 11, 5, 1, 1, 5, 11, 10, 5, 6, 1, 4, 9, 15, 4, 2, 9, 6, 6, 1, 1, 15, 8, 4, 0, 6, 1, 3, 6, 15, 15, 3, 0, 6, 2, 5, 5, 8, 78, 78, 17, 72, 7, 1, 4, 63, 5, 4, 8, 5, 9, 2, 4, 7, 1, 1, 5, 15, 5, 12, 0, 31, 13, 4, 8, 3, 6, 2, 7, 15, 8, 3, 4, 4, 1, 1, 1, 2, 4, 1, 10, 5, 151, 7, 246, 79, 8, 4, 0, 5, 15, 5, 2, 69, 2, 0, 0, 4, 0, 0, 1, 4, 1, 12, 1, 14, 0, 1, 0, 14, 1, 3, 3, 4, 0, 1, 12, 5, 6, 4, 2, 2, 4, 6, 3, 42, 5, 5, 6, 14, 7, 1, 16, 4, 0, 6, 0, 5, 1, 2, 2, 17, 46, 11, 11, 7, 423, 10, 309, 138, 4, 0, 0, 2, 4, 18, 19, 70, 67, 5, 7, 3, 1, 2, 5, 14, 99, 64, 3, 31, 5, 4, 4, 59, 77, 5, 8, 4, 69, 2, 87, 64, 101, 40, 2, 48, 31, 3, 15, 269, n
123, 16, 68, 3, 14, 10, 22, 11, 28, 11, 22, 38, 5, 3, 18, 31, 35, 0, 7, 4, 39, 14, 34, 81, 5, 1, 3, 1, 2, 2, 5, 13, 54, 4, 5, 6, 9, 1, 3, 3, 87, 8, 13, 28, 10, 7, 3, 21, 8, 8, 1, 0, 10, 4, 11, 4, 6, 3, 2, 9, 4, 16, 8, 27, 69, 9, 9, 9, 12, 2, 6, 1, 16, 2, 3, 6, 3, 1, 2, 0, 10, 3, 4, 4, 11, 0, 11, 10, 4, 4, 2, 1, 2, 3, 0, 7, 33, 13, 8, 6, 3, 4, 4, 0, 176, 129, 9, 68, 7, 7, 16, 19, 21, 5, 8, 8, 22, 2, 19, 14, 20, 15, 1, 6, 7, 12, 7, 20, 25, 2, 14, 2, 0, 0, 4, 4, 6, 1, 3, 12, 1, 3, 0, 7, 28, 5, 1, 8, 18, 3, 11, 50, 0, 8, 0, 5, 1, 5, 4, 2, 5, 0, 1, 3, 4, 1, 5, 1, 14, 6, 3, 15, 2, 1, 1, 22, 6, 3, 0, 0, 5, 2, 13, 5, 9, 1, 1, 11, 7, 10, 2, 57, 67, 3, 3, 1, 9, 1, 1, 1, 7, 17, 3, 14, 0, 5, 2, 2, 117, 18, 8, 4, 115, 18, 34, 32, 17, 9, 2, 11, 3, 6, 3, 49, 15, 8, 6, 8, 1, 6, 11, 3, 54, 167, 1, 70, 16, 2, 30, 37, 172, 27, 9, 8, 99, 14, 35, 34, 91, 50, 10, 66, 66, 48, 43, 201, 33, 2, 12, 26, 17, 6, 13, 136, 27, 21, 3, 13, 2, 5, 6, 241, 14, 3, 14, 1, 26, 10, 54, 173, 5, 5, 3, 11, 0, 5, 4, 141, 2, 3, 2, 4, 2, 0, 4, 0, 4, 44, 3, 59, 8, 4, 15, 11, 9, 2, 0, 0, 13, 0, 8, 7, 3, 2, 3, 4, 5, 2, 4, 23, 77, 6, 38, 3, 2, 0, 8, 1, 11, 3, 2, 10, 0, 4, 2, 6, 15, 0, 15, 2, 27, 4, 21, 11, 15, 1, 4, 8, 3, 10, 1, 15, 0, 7, 3, 0, 5, 1, 6, 5, 58, 169, 12, 123, 12, 10, 16, 26, 8, 4, 6, 4, 20, 4, 21, 1, 5, 6, 0, 16, 8, 5, 26, 24, 16, 2, 12, 1, 2, 2, 4, 7, 6, 11, 3, 2, 3, 1, 2, 14, 46, 1, 11, 15, 24, 7, 268, 43, 17, 12, 2, 2, 13, 3, 18, 32, 1, 0, 3, 1, 1, 0, 0, 0, 2, 2, 0, 6, 1, 1, 1, 6, 3, 2, 0, 2, 10, 2, 4, 2, 1, 6, 2, 12, 8, 6, 4, 40, 47, 4, 21, 2, 0, 2, 17, 2, 3, 3, 6, 9, 3, 2, 4, 21, 110, 14, 18, 16, 176, 5, 261, 167, 26, 16, 5, 14, 7, 14, 20, 87, 6, 4, 9, 6, 1, 5, 3, 5, 42, 83, 2, 69, 16, 2, 19, 19, 36, 0, 4, 6, 76, 4, 140, 75, 25, 40, 9, 59, 95, 74, 102, 687, 97, 29, 45, 56, 9, 2, 0, 10, 47, 43, 2, 35, 2, 1, 7, 136, 10, 11, 10, 24, 9, 2, 101, 256, 4, 2, 3, 0, 2, 0, 6, 25, 26, 2, 9, 2, 7, 0, 3, 2, 53, 14, 15, 18, 3, 13, 4, 86, 1, 1, 2, 3, 1, 3, 21, 25, 5, 12, 2, 14, 6, 3, 1, 8, 59, 6, 17, 0, 6, 0, 0, 2, 34, 24, 2, 20, 4, 1, 2, 6, 9, 10, 7, 3, 4, 3, 5, 9, 4, 3, 5, 5, 1, 1, 5, 1, 40, 3, 9, 12, 10, 9, 7, 7, 240, 213, 8, 74, 23, 19, 23, 44, 12, 1, 2, 0, 3, 3, 11, 16, 30, 21, 6, 8, 13, 17, 18, 61, 26, 8, 5, 4, 1, 2, 7, 6, 23, 4, 0, 7, 3, 2, 1, 8, 13, 5, 21, 9, 57, 2, 104, 71, 8, 0, 1, 2, 6, 4, 2, 10, 5, 2, 2, 3, 3, 3, 1, 2, 6, 8, 6, 3, 3, 1, 2, 4, 2, 2, 6, 5, 0, 5, 7, 12, 6, 6, 7, 13, 4, 14, 9, 53, 45, 10, 9, 9, 4, 2, 1, 4, 36, 26, 6, 13, 8, 2, 0, 6, 64, 4, 13, 2, 107, 1, 73, 19, 2, 1, 1, 3, 1, 2, 1, 31, 37, 3, 10, 7, 3, 2, 1, 9, 352, 262, 12, 141, 25, 20, 18, 131, 91, 1, 2, 8, 116, 1, 45, 20, 122, 79, 7, 81, 8, 39, 33, 331, 48, 5, 17, 14, 5, 1, 1, 12, 13, 7, 1, 123, 0, 3, 2, 90, 16, 3, 3, 4, 26, 1, 15, 38, 9, 14, 3, 18, 7, 10, 5, 68, 0, 3, 3, 11, 6, 2, 4, 1, 12, 108, 13, 325, 8, 4, 0, 125, 1, 1, 2, 2, 8, 1, 13, 3, 9, 8, 0, 5, 6, 11, 3, 44, 9, 9, 11, 5, 8, 0, 1, 3, 0, 11, 4, 9, 2, 6, 6, 9, 7, 3, 12, 5, 9, 3, 3, 8, 9, 10, 5, 3, 11, 8, 1, 9, 31, 13, 19, 7, 4, 1, 4, 8, 54, 203, 20, 204, 4, 1, 5, 122, 0, 1, 2, 3, 7, 1, 2, 10, 8, 1, 9, 16, 4, 12, 4, 58, 8, 7, 12, 1, 1, 1, 0, 3, 3, 5, 0, 6, 3, 0, 0, 2, 9, 3, 3, 17, 108, 1, 128, 45, 7, 3, 0, 6, 11, 1, 9, 8, 3, 0, 0, 4, 1, 0, 1, 2, 3, 1, 3, 8, 3, 2, 1, 11, 0, 0, 3, 2, 4, 1, 4, 7, 2, 1, 0, 10, 3, 5, 2, 0, 21, 12, 1, 3, 11, 1, 10, 2, 7, 15, 2, 8, 2, 3, 1, 8, 117, 5, 9, 10, 346, 7, 164, 36, 10, 6, 0, 9, 12, 3, 9, 25, 13, 7, 9, 13, 1, 2, 12, 6, 100, 10, 0, 56, 12, 5, 6, 38, 100, 10, 14, 1, 120, 9, 50, 6, 2, 44, 7, 73, 6, 37, 15, 372, n
251, 30, 48, 71, 22, 14, 54, 90, 106, 104, 13, 324, 18, 13, 20, 331, 86, 14, 10, 28, 51, 4, 78, 149, 24, 16, 1, 15, 12, 6, 9, 211, 16, 7, 2, 10, 0, 1, 16, 14, 36, 104, 5, 413, 7, 4, 13, 312, 9, 1, 0, 4, 8, 0, 8, 17, 14, 13, 0, 17, 8, 5, 5, 106, 43, 8, 12, 11, 7, 2, 10, 12, 11, 17, 4, 29, 3, 0, 6, 20, 17, 4, 5, 5, 5, 5, 6, 20, 0, 1, 3, 5, 10, 8, 4, 23, 35, 3, 15, 14, 15, 2, 14, 11, 69, 0, 14, 190, 12, 15, 14, 170, 22, 5, 2, 0, 7, 3, 8, 16, 1, 6, 1, 15, 4, 2, 3, 87, 20, 3, 6, 10, 1, 1, 3, 8, 14, 9, 3, 9, 1, 1, 3, 23, 38, 6, 7, 6, 83, 2, 102, 67, 15, 2, 2, 15, 9, 1, 10, 112, 2, 3, 5, 3, 3, 2, 5, 0, 0, 0, 2, 6, 1, 2, 2, 13, 4, 2, 3, 1, 4, 0, 3, 7, 1, 3, 4, 1, 5, 7, 9, 96, 34, 11, 9, 6, 4, 1, 6, 14, 12, 4, 5, 15, 2, 0, 0, 18, 90, 18, 6, 18, 240, 1, 124, 96, 5, 13, 0, 11, 3, 12, 11, 73, 80, 3, 7, 5, 2, 6, 2, 20, 237, 42, 14, 75, 7, 9, 1, 136, 152, 5, 8, 13, 107, 9, 87, 116, 135, 92, 8, 49, 48, 66, 34, 609, 229, 18, 114, 55, 39, 7, 118, 206, 89, 31, 21, 82, 18, 7, 16, 345, 147, 11, 24, 14, 83, 15, 260, 385, 24, 6, 2, 13, 17, 13, 20, 262, 9, 1, 6, 8, 3, 1, 1, 3, 34, 26, 0, 28, 0, 0, 6, 69, 2, 2, 1, 2, 4, 1, 11, 14, 8, 4, 5, 4, 5, 3, 9, 72, 63, 4, 21, 15, 12, 2, 22, 22, 11, 1, 2, 3, 4, 8, 5, 23, 17, 7, 11, 10, 10, 17, 32, 26, 12, 10, 12, 13, 4, 17, 5, 32, 37, 5, 10, 4, 7, 2, 5, 14, 61, 47, 8, 67, 7, 4, 6, 73, 13, 3, 1, 0, 5, 0, 18, 17, 11, 2, 1, 2, 8, 12, 8, 67, 20, 3, 9, 7, 7, 2, 11, 18, 4, 5, 3, 11, 5, 4, 2, 21, 53, 10, 6, 10, 103, 8, 287, 277, 4, 2, 3, 14, 5, 6, 0, 119, 6, 2, 4, 0, 2, 5, 1, 2, 0, 6, 0, 10, 1, 1, 1, 9, 3, 0, 1, 1, 5, 0, 14, 20, 3, 3, 0, 1, 0, 4, 9, 97, 47, 10, 16, 8, 1, 0, 13, 17, 9, 9, 0, 15, 1, 0, 2, 13, 149, 15, 17, 21, 99, 8, 245, 183, 2, 8, 1, 17, 8, 6, 17, 135, 77, 2, 9, 3, 7, 6, 11, 22, 110, 22, 10, 42, 24, 10, 4, 94, 288, 8, 13, 5, 122, 9, 114, 169, 108, 56, 8, 31, 68, 50, 69, 571, 263, 20, 64, 37, 15, 4, 46, 56, 105, 50, 25, 117, 13, 1, 17, 156, 96, 10, 20, 13, 54, 3, 67, 39, 28, 9, 4, 13, 10, 9, 15, 82, 47, 1, 4, 1, 7, 0, 7, 13, 112, 68, 17, 100, 19, 2, 14, 129, 6, 1, 1, 3, 8, 2, 7, 9, 26, 6, 4, 6, 12, 9, 13, 69, 88, 12, 6, 9, 2, 2, 10, 6, 16, 14, 2, 5, 3, 6, 9, 10, 22, 12, 8, 10, 11, 11, 8, 8, 5, 2, 5, 10, 4, 2, 8, 13, 105, 18, 20, 20, 13, 10, 15, 11, 233, 180, 21, 153, 28, 18, 19, 114, 17, 1, 1, 1, 21, 0, 14, 3, 29, 6, 1, 11, 13, 8, 5, 52, 38, 7, 11, 6, 2, 0, 7, 4, 9, 1, 3, 14, 4, 0, 0, 18, 55, 6, 8, 15, 71, 5, 115, 94, 5, 2, 2, 16, 11, 8, 4, 74, 1, 2, 2, 4, 1, 1, 1, 1, 9, 3, 2, 9, 0, 1, 2, 13, 3, 2, 1, 3, 7, 1, 11, 9, 15, 2, 4, 10, 13, 4, 15, 91, 58, 3, 5, 4, 3, 2, 7, 14, 17, 27, 1, 15, 2, 0, 0, 11, 165, 15, 7, 24, 35, 6, 113, 104, 22, 10, 1, 15, 6, 5, 2, 35, 118, 16, 13, 11, 10, 1, 10, 5, 178, 230, 8, 137, 12, 6, 9, 107, 272, 19, 7, 23, 201, 10, 147, 130, 154, 121, 15, 92, 108, 96, 76, 623, 307, 34, 59, 48, 22, 3, 62, 99, 100, 50, 9, 114, 8, 1, 15, 184, 124, 5, 12, 13, 78, 6, 131, 220, 27, 21, 3, 7, 10, 14, 11, 154, 29, 5, 3, 6, 6, 0, 7, 4, 55, 8, 7, 4, 10, 7, 18, 105, 5, 1, 2, 0, 11, 3, 15, 11, 20, 15, 2, 5, 9, 1, 13, 65, 92, 3, 13, 9, 16, 2, 17, 18, 22, 22, 3, 11, 3, 9, 12, 11, 32, 4, 15, 11, 16, 9, 20, 20, 11, 3, 3, 10, 6, 2, 6, 9, 66, 7, 9, 8, 15, 3, 11, 9, 127, 89, 8, 22, 18, 9, 12, 74, 13, 2, 1, 1, 17, 3, 18, 9, 16, 7, 2, 2, 14, 1, 17, 58, 45, 1, 21, 3, 0, 6, 7, 1, 11, 7, 1, 10, 1, 5, 4, 12, 117, 1, 12, 22, 22, 3, 10, 134, 16, 6, 1, 13, 2, 2, 6, 65, 2, 0, 3, 4, 1, 0, 2, 1, 5, 4, 1, 6, 1, 0, 1, 4, 11, 0, 3, 1, 11, 1, 14, 10, 10, 5, 0, 8, 6, 2, 9, 65, 96, 18, 14, 7, 1, 0, 0, 9, 21, 21, 0, 17, 3, 2, 3, 7, 247, 30, 8, 14, 53, 10, 86, 91, 19, 8, 2, 11, 13, 11, 4, 68, 171, 15, 9, 19, 11, 1, 23, 21, 336, 89, 8, 91, 22, 9, 17, 126, 338, 7, 21, 23, 239, 24, 177, 163, 263, 103, 9, 43, 145, 84, 109, 492, n
48, 6, 20, 53, 13, 1, 57, 136, 27, 36, 13, 109, 1, 5, 9, 362, 3, 7, 3, 10, 20, 13, 3, 107, 10, 9, 5, 18, 4, 4, 23, 221, 17, 4, 8, 10, 6, 1, 8, 7, 41, 1, 13, 56, 8, 8, 3, 177, 6, 2, 1, 0, 5, 1, 5, 0, 3, 7, 0, 4, 1, 3, 6, 128, 27, 1, 12, 6, 2, 1, 0, 2, 6, 4, 1, 0, 1, 2, 4, 15, 4, 3, 3, 2, 0, 5, 7, 4, 3, 2, 4, 6, 7, 7, 1, 2, 26, 5, 0, 12, 16, 4, 8, 6, 90, 180, 15, 157, 3, 1, 7, 160, 9, 0, 2, 0, 6, 5, 7, 7, 7, 10, 1, 13, 2, 3, 15, 108, 7, 2, 1, 7, 0, 1, 3, 1, 12, 13, 6, 5, 4, 6, 5, 12, 2, 3, 0, 4, 59, 9, 86, 4, 8, 3, 1, 9, 5, 1, 12, 9, 6, 1, 0, 1, 0, 0, 5, 1, 3, 4, 0, 8, 2, 0, 2, 2, 1, 3, 2, 1, 2, 0, 0, 4, 7, 3, 0, 4, 4, 9, 8, 31, 0, 9, 7, 1, 2, 2, 1, 10, 0, 1, 5, 7, 1, 3, 1, 2, 52, 0, 8, 3, 148, 7, 24, 35, 7, 0, 1, 4, 7, 2, 2, 9, 16, 4, 6, 5, 4, 5, 5, 12, 131, 65, 5, 118, 3, 0, 9, 69, 26, 10, 0, 1, 33, 3, 48, 33, 32, 24, 5, 44, 27, 6, 42, 442, 96, 4, 27, 17, 6, 2, 29, 115, 14, 39, 1, 33, 5, 7, 4, 272, 12, 7, 9, 5, 21, 4, 46, 3, 4, 6, 3, 3, 3, 3, 9, 81, 51, 3, 10, 3, 4, 0, 4, 4, 78, 95, 26, 187, 7, 1, 10, 0, 3, 2, 3, 1, 4, 0, 3, 10, 4, 7, 4, 6, 1, 6, 1, 8, 65, 10, 11, 16, 5, 1, 1, 7, 16, 11, 0, 12, 1, 3, 3, 15, 5, 7, 8, 6, 3, 16, 12, 5, 8, 8, 12, 12, 1, 17, 4, 20, 70, 8, 14, 16, 6, 1, 6, 2, 263, 101, 50, 274, 22, 9, 21, 60, 7, 2, 1, 6, 6, 2, 18, 14, 11, 13, 8, 15, 8, 9, 11, 9, 10, 2, 2, 8, 2, 1, 1, 3, 18, 16, 7, 17, 0, 7, 3, 8, 33, 11, 12, 11, 30, 6, 19, 12, 10, 10, 1, 2, 3, 0, 0, 12, 4, 0, 3, 1, 1, 0, 1, 2, 9, 6, 0, 7, 0, 0, 1, 4, 3, 2, 0, 4, 3, 0, 2, 1, 10, 7, 3, 14, 5, 0, 3, 4, 39, 3, 1, 11, 8, 1, 2, 0, 14, 0, 0, 17, 2, 0, 2, 5, 29, 8, 3, 2, 29, 6, 16, 1, 14, 8, 1, 4, 8, 4, 6, 23, 44, 13, 13, 18, 0, 4, 9, 6, 147, 263, 21, 207, 11, 3, 15, 96, 81, 17, 4, 19, 30, 5, 36, 30, 44, 93, 2, 111, 1, 56, 31, 209, 57, 2, 30, 15, 2, 1, 11, 5, 21, 13, 11, 9, 2, 3, 8, 46, 2, 6, 2, 6, 20, 5, 90, 136, 3, 2, 4, 5, 4, 1, 1, 68, 3, 9, 9, 8, 9, 0, 2, 1, 55, 62, 1, 153, 3, 9, 7, 12, 1, 5, 6, 0, 7, 0, 6, 2, 8, 7, 2, 12, 2, 1, 1, 53, 38, 6, 25, 8, 6, 4, 9, 11, 19, 0, 1, 8, 1, 1, 2, 5, 6, 4, 2, 5, 3, 8, 11, 4, 2, 6, 3, 4, 0, 4, 1, 0, 36, 7, 11, 4, 4, 7, 9, 10, 79, 111, 3, 201, 13, 8, 4, 4, 7, 4, 1, 3, 8, 1, 3, 8, 7, 17, 4, 9, 3, 7, 12, 21, 5, 1, 11, 3, 7, 0, 0, 0, 3, 8, 3, 3, 6, 2, 0, 4, 32, 3, 19, 2, 7, 3, 127, 60, 9, 1, 1, 4, 6, 3, 2, 28, 2, 0, 1, 1, 1, 1, 0, 0, 0, 0, 5, 0, 0, 1, 3, 5, 2, 1, 2, 2, 1, 0, 17, 6, 5, 3, 2, 7, 8, 2, 4, 24, 50, 2, 11, 11, 0, 1, 4, 9, 9, 4, 1, 1, 1, 1, 3, 4, 14, 9, 5, 1, 73, 2, 101, 72, 4, 0, 0, 4, 0, 0, 7, 38, 13, 1, 10, 9, 4, 0, 4, 22, 29, 58, 8, 115, 8, 0, 10, 72, 67, 3, 12, 0, 18, 0, 32, 42, 37, 14, 10, 40, 35, 28, 1, 174, 46, 16, 15, 4, 3, 3, 5, 26, 21, 20, 14, 49, 6, 1, 5, 87, 5, 1, 6, 2, 41, 3, 64, 114, 5, 4, 1, 12, 0, 11, 0, 113, 0, 0, 3, 1, 3, 1, 0, 0, 9, 18, 2, 106, 7, 1, 3, 33, 10, 0, 3, 2, 3, 1, 0, 1, 8, 3, 1, 5, 0, 7, 0, 30, 6, 5, 11, 1, 12, 2, 10, 3, 0, 10, 5, 5, 2, 6, 5, 8, 2, 0, 4, 4, 2, 6, 12, 11, 10, 14, 16, 3, 6, 7, 4, 4, 22, 5, 4, 4, 3, 0, 1, 5, 69, 60, 22, 100, 2, 3, 15, 75, 2, 3, 0, 2, 1, 1, 6, 15, 8, 1, 1, 20, 0, 9, 1, 71, 18, 4, 11, 1, 2, 1, 7, 2, 1, 2, 2, 5, 0, 3, 4, 6, 38, 7, 3, 10, 107, 1, 140, 17, 2, 6, 8, 5, 4, 0, 3, 43, 3, 0, 1, 4, 1, 0, 0, 1, 5, 1, 1, 2, 1, 0, 2, 2, 4, 1, 2, 1, 4, 1, 4, 2, 1, 4, 1, 8, 2, 11, 11, 51, 4, 9, 6, 14, 1, 3, 2, 1, 1, 1, 1, 11, 1, 2, 3, 10, 18, 1, 18, 15, 129, 2, 188, 79, 10, 10, 0, 6, 4, 3, 18, 39, 20, 12, 2, 2, 5, 1, 8, 4, 4, 53, 2, 67, 3, 9, 6, 62, 10, 6, 2, 3, 9, 15, 24, 3, 41, 47, 0, 57, 10, 75, 8, 498, n
41, 7, 42, 27, 3, 9, 13, 26, 84, 34, 9, 2, 4, 2, 6, 35, 56, 6, 1, 0, 19, 2, 54, 202, 23, 24, 7, 21, 9, 3, 21, 163, 7, 5, 5, 6, 0, 1, 1, 6, 47, 5, 17, 101, 3, 3, 12, 23, 10, 2, 1, 1, 5, 3, 16, 1, 5, 0, 3, 7, 1, 12, 8, 118, 53, 0, 3, 7, 0, 1, 12, 6, 15, 9, 4, 4, 3, 4, 3, 10, 6, 4, 3, 1, 10, 6, 19, 2, 7, 6, 1, 3, 2, 3, 1, 3, 29, 9, 7, 10, 5, 4, 6, 9, 48, 144, 19, 151, 3, 3, 16, 119, 1, 1, 1, 3, 9, 2, 11, 13, 19, 11, 0, 11, 5, 19, 24, 78, 11, 2, 2, 8, 3, 8, 3, 0, 7, 5, 7, 14, 3, 4, 6, 12, 24, 3, 1, 8, 29, 7, 12, 77, 10, 12, 5, 3, 5, 2, 4, 59, 1, 1, 0, 1, 0, 1, 5, 0, 6, 3, 0, 13, 2, 2, 3, 3, 2, 2, 2, 0, 6, 0, 4, 4, 3, 5, 0, 24, 2, 3, 3, 23, 30, 1, 0, 7, 1, 0, 5, 2, 12, 8, 3, 16, 0, 3, 0, 8, 53, 6, 8, 4, 100, 8, 33, 86, 13, 6, 4, 20, 15, 2, 7, 56, 5, 8, 9, 12, 2, 5, 7, 5, 6, 93, 2, 120, 7, 9, 14, 94, 68, 18, 7, 5, 57, 7, 42, 58, 88, 50, 2, 87, 65, 42, 54, 570, 60, 3, 35, 15, 16, 4, 10, 105, 52, 13, 0, 31, 4, 5, 3, 160, 33, 3, 0, 4, 49, 11, 34, 115, 7, 14, 3, 24, 10, 6, 20, 3, 16, 5, 7, 0, 2, 1, 8, 8, 2, 25, 14, 58, 17, 2, 3, 61, 10, 4, 1, 1, 2, 1, 14, 2, 9, 8, 3, 21, 9, 1, 14, 85, 7, 1, 10, 3, 2, 0, 1, 6, 11, 12, 2, 17, 0, 4, 1, 8, 12, 3, 1, 1, 17, 8, 7, 2, 8, 1, 7, 8, 10, 3, 5, 7, 7, 3, 0, 4, 13, 0, 1, 4, 74, 64, 14, 90, 4, 7, 25, 36, 19, 4, 9, 4, 15, 4, 20, 3, 19, 6, 1, 12, 12, 8, 20, 71, 1, 1, 2, 4, 2, 1, 3, 2, 16, 15, 1, 11, 3, 2, 1, 1, 49, 8, 4, 13, 62, 1, 52, 18, 10, 19, 2, 16, 8, 16, 16, 143, 3, 0, 3, 1, 1, 0, 0, 1, 1, 1, 1, 10, 0, 2, 2, 5, 0, 0, 2, 1, 5, 2, 5, 13, 2, 3, 1, 5, 4, 5, 2, 62, 8, 9, 6, 0, 2, 0, 1, 7, 17, 4, 1, 3, 0, 4, 5, 9, 35, 5, 7, 5, 190, 13, 189, 132, 19, 23, 3, 1, 16, 3, 15, 136, 11, 1, 0, 5, 1, 6, 1, 0, 80, 77, 4, 80, 4, 1, 4, 63, 2, 16, 7, 5, 53, 9, 70, 86, 154, 93, 4, 107, 108, 64, 65, 857, 63, 27, 11, 38, 3, 1, 1, 10, 58, 38, 1, 31, 1, 1, 7, 94, 64, 13, 15, 16, 8, 4, 38, 205, 26, 14, 2, 27, 8, 2, 4, 234, 0, 2, 9, 11, 3, 2, 4, 2, 11, 62, 2, 100, 4, 12, 1, 48, 9, 2, 0, 2, 4, 1, 19, 11, 4, 11, 2, 17, 4, 5, 8, 92, 8, 3, 36, 6, 1, 2, 1, 1, 16, 14, 4, 25, 4, 5, 3, 9, 0, 1, 5, 5, 11, 10, 0, 10, 1, 2, 1, 1, 1, 3, 5, 3, 1, 1, 8, 0, 6, 0, 3, 24, 8, 84, 13, 162, 6, 3, 5, 56, 10, 5, 5, 3, 3, 1, 9, 7, 12, 13, 3, 14, 6, 14, 13, 43, 15, 3, 4, 1, 3, 2, 6, 4, 10, 5, 0, 4, 1, 1, 2, 1, 3, 7, 2, 1, 7, 1, 48, 87, 14, 8, 1, 8, 7, 3, 8, 70, 0, 1, 0, 1, 1, 1, 0, 2, 2, 4, 1, 0, 1, 2, 2, 7, 9, 1, 4, 2, 3, 1, 4, 6, 2, 7, 2, 5, 3, 13, 9, 59, 22, 4, 1, 10, 1, 2, 2, 9, 17, 9, 2, 2, 1, 0, 1, 2, 28, 9, 7, 1, 9, 0, 9, 37, 15, 9, 1, 2, 2, 1, 13, 52, 20, 10, 3, 2, 2, 1, 2, 9, 201, 79, 3, 105, 4, 3, 15, 88, 45, 2, 9, 9, 50, 0, 54, 72, 176, 79, 1, 61, 64, 5, 51, 434, 14, 18, 21, 3, 1, 0, 1, 13, 4, 16, 16, 20, 0, 6, 3, 55, 12, 8, 21, 3, 7, 1, 88, 49, 4, 5, 1, 27, 11, 10, 13, 53, 16, 6, 2, 6, 3, 0, 7, 1, 7, 20, 12, 133, 7, 1, 2, 18, 3, 2, 2, 1, 0, 3, 5, 4, 9, 1, 1, 4, 2, 3, 5, 54, 25, 7, 18, 9, 13, 1, 4, 6, 7, 9, 10, 24, 2, 2, 3, 8, 7, 1, 1, 0, 10, 12, 30, 9, 10, 10, 4, 4, 8, 10, 5, 6, 6, 0, 9, 3, 7, 2, 5, 3, 64, 84, 18, 171, 5, 1, 7, 76, 14, 0, 3, 2, 6, 4, 6, 11, 14, 5, 7, 5, 11, 14, 22, 105, 21, 1, 9, 6, 1, 0, 4, 0, 7, 1, 1, 2, 4, 0, 2, 1, 2, 3, 10, 17, 57, 3, 166, 49, 8, 3, 0, 12, 6, 5, 12, 95, 1, 0, 2, 5, 0, 0, 1, 3, 3, 6, 1, 3, 0, 4, 2, 7, 4, 0, 2, 0, 5, 0, 3, 6, 1, 1, 1, 7, 5, 13, 3, 69, 3, 0, 4, 11, 10, 0, 12, 2, 3, 9, 2, 15, 1, 1, 1, 13, 17, 5, 23, 16, 109, 6, 197, 157, 23, 20, 2, 4, 3, 1, 13, 91, 67, 12, 3, 6, 3, 2, 5, 3, 87, 39, 4, 68, 0, 7, 7, 43, 34, 5, 6, 3, 13, 6, 115, 66, 44, 99, 13, 93, 40, 76, 71, 989, n
217, 35, 24, 60, 24, 13, 60, 117, 82, 115, 16, 328, 17, 15, 14, 453, 83, 13, 16, 19, 61, 2, 118, 171, 21, 19, 3, 25, 15, 15, 9, 250, 8, 5, 2, 10, 0, 1, 8, 15, 28, 72, 7, 357, 5, 4, 13, 334, 1, 3, 1, 2, 11, 0, 12, 22, 7, 4, 2, 16, 6, 0, 9, 135, 17, 9, 1, 1, 5, 0, 9, 13, 6, 17, 5, 27, 4, 1, 4, 18, 11, 0, 1, 4, 8, 0, 6, 20, 4, 1, 1, 4, 9, 7, 3, 23, 29, 2, 6, 5, 18, 3, 13, 12, 31, 110, 9, 89, 13, 7, 14, 153, 14, 3, 1, 1, 8, 5, 3, 16, 5, 13, 0, 8, 9, 2, 3, 86, 14, 2, 5, 7, 0, 1, 3, 10, 15, 15, 6, 7, 3, 5, 5, 31, 46, 3, 5, 11, 64, 12, 120, 95, 13, 1, 1, 15, 7, 2, 10, 119, 3, 1, 0, 0, 1, 0, 6, 0, 2, 0, 1, 7, 2, 2, 3, 17, 0, 3, 3, 0, 5, 0, 2, 4, 6, 0, 1, 7, 4, 1, 9, 87, 20, 11, 7, 2, 3, 0, 7, 12, 2, 1, 3, 7, 1, 3, 2, 16, 90, 11, 5, 11, 239, 4, 97, 89, 5, 10, 1, 7, 2, 6, 8, 90, 39, 2, 1, 6, 6, 5, 3, 14, 178, 15, 10, 42, 9, 7, 4, 112, 160, 1, 4, 9, 115, 13, 62, 107, 87, 72, 10, 48, 45, 48, 40, 552, 249, 24, 114, 81, 31, 11, 94, 228, 86, 51, 12, 103, 13, 10, 9, 289, 142, 8, 22, 17, 67, 11, 258, 397, 26, 8, 1, 13, 17, 14, 24, 311, 10, 2, 4, 11, 2, 0, 3, 5, 24, 16, 3, 58, 5, 3, 8, 115, 1, 2, 2, 3, 1, 1, 14, 25, 10, 4, 5, 2, 3, 7, 5, 86, 50, 7, 20, 8, 13, 1, 23, 22, 13, 0, 4, 10, 3, 5, 8, 19, 15, 9, 10, 9, 15, 15, 29, 25, 13, 11, 11, 12, 3, 17, 3, 29, 46, 6, 7, 2, 4, 1, 4, 6, 24, 152, 5, 47, 10, 6, 2, 94, 5, 4, 2, 1, 7, 3, 9, 13, 8, 2, 1, 5, 16, 4, 3, 70, 28, 5, 7, 10, 3, 0, 8, 15, 4, 3, 4, 4, 7, 0, 2, 13, 54, 13, 12, 17, 99, 12, 221, 292, 9, 1, 2, 15, 3, 4, 7, 119, 2, 1, 1, 1, 1, 0, 0, 3, 1, 6, 2, 10, 1, 1, 1, 12, 4, 0, 1, 1, 4, 0, 9, 19, 2, 3, 1, 3, 2, 5, 8, 95, 47, 11, 15, 9, 4, 1, 15, 12, 12, 12, 3, 19, 1, 1, 2, 13, 80, 12, 16, 18, 9, 3, 246, 169, 7, 1, 1, 12, 8, 4, 19, 115, 74, 2, 6, 3, 1, 7, 0, 22, 186, 29, 9, 46, 23, 8, 5, 102, 135, 10, 8, 3, 50, 7, 95, 161, 106, 50, 7, 21, 49, 17, 58, 493, 250, 23, 64, 38, 18, 3, 59, 77, 113, 47, 22, 77, 13, 3, 11, 237, 73, 4, 19, 9, 47, 4, 77, 127, 23, 12, 4, 19, 9, 11, 9, 138, 29, 1, 0, 2, 10, 1, 3, 7, 84, 67, 15, 28, 16, 2, 14, 110, 8, 1, 1, 2, 11, 2, 6, 8, 25, 4, 5, 5, 8, 8, 20, 89, 68, 10, 3, 12, 2, 1, 1, 3, 10, 13, 4, 7, 1, 4, 8, 8, 22, 11, 7, 10, 6, 9, 6, 11, 3, 3, 5, 10, 4, 4, 7, 12, 76, 12, 26, 18, 10, 8, 16, 7, 174, 201, 17, 132, 29, 22, 8, 121, 7, 2, 3, 4, 23, 0, 9, 2, 12, 4, 5, 2, 14, 4, 2, 57, 30, 2, 2, 7, 1, 1, 2, 5, 2, 4, 1, 18, 5, 0, 0, 15, 44, 10, 4, 7, 65, 2, 93, 111, 2, 6, 0, 22, 9, 4, 5, 77, 2, 2, 1, 2, 1, 0, 0, 0, 9, 5, 0, 12, 1, 2, 3, 10, 3, 0, 1, 2, 6, 0, 12, 10, 14, 0, 3, 8, 14, 4, 17, 82, 44, 8, 3, 3, 6, 1, 3, 18, 14, 24, 1, 14, 2, 1, 1, 0, 145, 16, 5, 12, 79, 8, 92, 83, 12, 9, 0, 17, 12, 7, 1, 19, 117, 14, 14, 5, 11, 1, 9, 10, 220, 180, 6, 82, 6, 16, 2, 98, 299, 17, 4, 17, 183, 10, 107, 104, 180, 86, 10, 59, 82, 88, 67, 563, 328, 39, 54, 63, 27, 1, 62, 98, 79, 49, 10, 101, 6, 2, 10, 163, 112, 5, 14, 14, 107, 5, 150, 229, 21, 14, 2, 8, 11, 12, 11, 150, 24, 1, 2, 2, 6, 1, 10, 3, 43, 28, 11, 70, 9, 1, 20, 110, 2, 0, 1, 1, 7, 1, 17, 16, 15, 9, 0, 4, 7, 0, 13, 73, 89, 4, 14, 5, 20, 0, 14, 12, 23, 24, 3, 1, 4, 6, 11, 9, 30, 1, 13, 11, 20, 8, 25, 20, 12, 2, 1, 9, 5, 0, 6, 11, 62, 4, 9, 3, 14, 3, 10, 13, 99, 91, 8, 67, 18, 3, 16, 67, 10, 1, 2, 1, 19, 3, 20, 5, 7, 7, 0, 3, 22, 1, 15, 33, 64, 3, 22, 11, 7, 2, 10, 8, 11, 12, 1, 10, 4, 1, 2, 16, 152, 11, 18, 28, 13, 6, 35, 173, 18, 13, 1, 14, 4, 6, 6, 61, 0, 0, 2, 5, 0, 0, 2, 0, 4, 1, 0, 1, 0, 0, 1, 3, 10, 0, 3, 1, 8, 1, 16, 13, 7, 10, 1, 7, 7, 3, 12, 66, 107, 15, 16, 3, 6, 1, 5, 11, 26, 24, 1, 16, 1, 2, 2, 5, 261, 31, 21, 17, 169, 8, 62, 108, 18, 7, 3, 13, 20, 7, 6, 64, 118, 16, 12, 17, 12, 1, 24, 21, 300, 87, 13, 83, 22, 9, 16, 136, 236, 15, 20, 17, 219, 23, 169, 173, 159, 80, 10, 36, 167, 71, 118, 507, n
79, 8, 124, 16, 2, 10, 55, 15, 63, 57, 9, 2, 11, 10, 8, 261, 48, 8, 12, 20, 8, 2, 67, 13, 17, 4, 5, 4, 8, 5, 1, 111, 11, 2, 19, 7, 4, 5, 9, 7, 1, 66, 23, 415, 6, 9, 2, 17, 6, 9, 3, 0, 2, 6, 5, 17, 6, 1, 3, 9, 6, 7, 4, 19, 54, 5, 35, 11, 16, 3, 12, 3, 2, 6, 4, 12, 2, 3, 5, 2, 1, 1, 0, 6, 26, 4, 20, 15, 0, 2, 3, 5, 8, 6, 5, 17, 11, 1, 3, 0, 11, 2, 2, 14, 28, 50, 5, 110, 5, 6, 4, 43, 15, 5, 2, 3, 1, 7, 3, 9, 7, 7, 1, 0, 8, 3, 2, 42, 16, 3, 3, 7, 2, 2, 0, 2, 13, 16, 6, 10, 2, 6, 3, 25, 7, 5, 8, 14, 22, 5, 94, 50, 6, 0, 1, 7, 4, 21, 5, 3, 0, 1, 0, 1, 0, 0, 6, 1, 5, 11, 0, 13, 2, 2, 1, 3, 4, 3, 4, 1, 7, 1, 7, 10, 3, 3, 2, 24, 1, 19, 4, 110, 4, 12, 7, 5, 1, 1, 6, 11, 3, 2, 4, 14, 2, 0, 1, 21, 34, 6, 6, 20, 12, 25, 86, 17, 3, 5, 0, 7, 7, 11, 6, 13, 57, 7, 3, 2, 1, 5, 0, 5, 167, 25, 9, 45, 4, 3, 3, 105, 177, 5, 3, 14, 31, 7, 20, 56, 105, 65, 3, 44, 14, 43, 27, 161, 42, 8, 4, 13, 7, 5, 19, 159, 62, 27, 8, 16, 3, 4, 8, 215, 94, 7, 7, 12, 3, 9, 57, 345, 16, 3, 2, 5, 4, 1, 13, 254, 8, 3, 4, 1, 7, 0, 4, 7, 19, 65, 8, 98, 5, 16, 1, 9, 5, 0, 1, 1, 5, 2, 4, 11, 8, 1, 4, 3, 1, 10, 1, 17, 2, 3, 11, 2, 6, 2, 4, 9, 4, 16, 4, 11, 1, 4, 8, 15, 15, 9, 10, 8, 5, 14, 18, 0, 13, 11, 11, 11, 2, 14, 4, 24, 11, 2, 1, 10, 3, 2, 2, 6, 2, 66, 1, 164, 4, 21, 6, 1, 3, 5, 1, 1, 4, 0, 7, 11, 3, 7, 2, 9, 3, 5, 3, 12, 5, 4, 1, 7, 1, 1, 1, 7, 1, 5, 4, 3, 6, 1, 2, 13, 1, 8, 15, 9, 62, 7, 378, 9, 1, 0, 0, 5, 1, 4, 11, 9, 0, 0, 0, 0, 1, 0, 1, 1, 1, 2, 1, 4, 1, 0, 0, 6, 0, 2, 1, 0, 4, 0, 8, 12, 2, 3, 1, 9, 0, 16, 3, 54, 1, 0, 0, 1, 7, 0, 4, 11, 7, 2, 0, 7, 1, 4, 0, 6, 77, 9, 7, 5, 138, 4, 107, 58, 4, 1, 1, 8, 0, 4, 9, 77, 28, 4, 5, 5, 4, 6, 3, 14, 125, 26, 8, 23, 25, 4, 2, 44, 187, 1, 7, 4, 69, 7, 33, 85, 49, 7, 2, 26, 12, 64, 10, 196, 138, 10, 20, 6, 6, 7, 24, 6, 64, 30, 17, 18, 8, 1, 5, 139, 31, 5, 8, 3, 24, 7, 109, 153, 21, 5, 1, 6, 6, 3, 3, 1, 23, 1, 2, 2, 8, 1, 6, 8, 44, 45, 6, 33, 12, 3, 11, 89, 3, 2, 1, 1, 7, 1, 5, 2, 20, 9, 5, 1, 10, 2, 10, 33, 50, 7, 14, 0, 6, 3, 0, 3, 2, 11, 3, 7, 0, 5, 8, 3, 18, 7, 9, 9, 2, 7, 10, 2, 7, 0, 5, 6, 6, 1, 5, 7, 38, 7, 18, 5, 8, 10, 11, 3, 93, 449, 2, 154, 19, 6, 11, 43, 3, 3, 0, 3, 14, 1, 6, 4, 11, 21, 3, 2, 10, 1, 5, 19, 16, 4, 8, 7, 0, 1, 1, 6, 3, 4, 4, 14, 2, 0, 1, 12, 26, 10, 2, 4, 27, 1, 27, 91, 3, 1, 1, 12, 6, 0, 7, 20, 2, 2, 0, 0, 2, 0, 3, 0, 2, 7, 2, 12, 0, 2, 0, 8, 4, 2, 1, 1, 0, 3, 3, 0, 14, 2, 3, 2, 10, 2, 14, 23, 13, 12, 2, 3, 4, 2, 3, 8, 5, 16, 1, 11, 1, 1, 0, 3, 96, 14, 1, 10, 97, 7, 7, 28, 5, 3, 1, 10, 2, 3, 7, 10, 18, 13, 8, 4, 7, 1, 3, 5, 31, 85, 2, 32, 2, 2, 4, 52, 167, 16, 1, 12, 122, 9, 76, 70, 11, 10, 0, 10, 47, 61, 31, 246, 186, 36, 12, 21, 10, 5, 6, 0, 71, 35, 3, 16, 2, 4, 7, 49, 73, 3, 1, 11, 33, 1, 27, 73, 16, 13, 1, 12, 5, 8, 4, 46, 20, 1, 2, 0, 3, 2, 7, 3, 40, 32, 7, 95, 9, 0, 20, 37, 1, 2, 1, 8, 10, 0, 19, 14, 17, 5, 1, 2, 7, 2, 15, 6, 23, 2, 8, 6, 13, 1, 4, 7, 16, 20, 2, 4, 1, 8, 9, 3, 21, 3, 15, 11, 8, 6, 10, 4, 9, 3, 3, 9, 4, 1, 3, 2, 45, 5, 3, 1, 9, 3, 2, 6, 62, 75, 7, 175, 17, 6, 7, 22, 10, 1, 1, 0, 10, 3, 10, 2, 8, 7, 4, 8, 13, 0, 8, 30, 23, 1, 12, 7, 4, 2, 5, 2, 11, 9, 2, 9, 4, 1, 1, 5, 44, 7, 1, 26, 68, 3, 47, 15, 1, 10, 0, 10, 11, 3, 5, 3, 4, 1, 2, 5, 0, 0, 2, 0, 3, 2, 2, 0, 2, 0, 2, 5, 0, 0, 2, 1, 7, 1, 6, 6, 2, 5, 1, 5, 5, 9, 2, 14, 38, 9, 3, 4, 6, 0, 2, 0, 24, 23, 4, 9, 1, 0, 1, 2, 79, 22, 11, 8, 413, 1, 203, 1, 9, 2, 1, 5, 7, 6, 18, 1, 97, 10, 0, 15, 3, 1, 10, 15, 262, 82, 12, 55, 21, 3, 10, 88, 163, 4, 3, 16, 39, 5, 12, 67, 189, 57, 1, 18, 52, 13, 38, 649, n
23, 10, 18, 19, 4, 11, 9, 19, 21, 0, 7, 19, 2, 7, 6, 69, 12, 1, 13, 14, 23, 3, 40, 80, 0, 3, 2, 0, 3, 11, 3, 29, 28, 2, 5, 3, 5, 0, 1, 2, 57, 22, 10, 8, 3, 3, 13, 87, 10, 1, 4, 1, 2, 2, 5, 10, 0, 2, 4, 7, 3, 5, 7, 34, 14, 3, 2, 5, 2, 1, 2, 0, 2, 0, 1, 7, 0, 5, 5, 5, 5, 2, 4, 5, 5, 4, 6, 11, 3, 1, 3, 2, 5, 8, 5, 16, 5, 4, 2, 1, 6, 2, 11, 1, 71, 62, 3, 45, 2, 6, 4, 15, 9, 5, 1, 6, 24, 6, 4, 7, 11, 1, 1, 0, 8, 8, 2, 9, 12, 2, 3, 3, 1, 2, 2, 4, 7, 7, 4, 12, 2, 4, 5, 5, 8, 2, 8, 10, 41, 8, 22, 5, 2, 6, 3, 3, 1, 10, 5, 9, 7, 9, 5, 5, 6, 1, 1, 0, 14, 13, 6, 18, 3, 2, 3, 11, 5, 2, 1, 2, 5, 1, 1, 3, 2, 6, 1, 13, 3, 2, 0, 4, 16, 8, 5, 0, 1, 2, 6, 2, 12, 18, 8, 1, 5, 7, 4, 3, 41, 4, 5, 1, 43, 10, 37, 24, 5, 11, 2, 11, 1, 3, 5, 1, 14, 2, 6, 5, 0, 4, 6, 7, 3, 104, 5, 96, 1, 1, 8, 38, 18, 14, 11, 1, 59, 6, 1, 5, 11, 25, 8, 30, 40, 15, 2, 71, 1, 2, 43, 16, 10, 6, 26, 80, 4, 5, 4, 44, 11, 0, 1, 213, 17, 2, 3, 11, 37, 5, 83, 10, 7, 6, 1, 1, 10, 6, 1, 68, 22, 1, 2, 3, 0, 2, 3, 6, 2, 14, 10, 22, 9, 2, 1, 31, 3, 1, 2, 1, 8, 0, 10, 11, 1, 2, 3, 6, 9, 5, 9, 4, 14, 4, 7, 6, 10, 0, 9, 9, 8, 2, 4, 2, 2, 4, 7, 14, 3, 8, 12, 10, 8, 16, 14, 12, 11, 10, 11, 11, 0, 14, 1, 11, 10, 4, 5, 5, 2, 2, 5, 8, 79, 27, 2, 20, 6, 2, 12, 2, 6, 2, 4, 7, 5, 4, 4, 6, 0, 5, 0, 3, 1, 0, 8, 15, 4, 1, 3, 2, 1, 2, 6, 4, 5, 6, 2, 13, 5, 0, 2, 3, 35, 1, 3, 10, 9, 0, 48, 184, 2, 10, 2, 4, 2, 18, 6, 54, 1, 0, 2, 0, 1, 0, 0, 1, 1, 2, 1, 1, 0, 1, 2, 1, 3, 3, 1, 1, 3, 4, 18, 6, 7, 2, 2, 8, 9, 5, 14, 7, 19, 1, 1, 5, 13, 12, 10, 3, 16, 21, 10, 8, 9, 8, 8, 22, 15, 7, 2, 13, 59, 12, 45, 69, 6, 2, 2, 4, 11, 15, 1, 5, 9, 4, 0, 1, 4, 6, 5, 2, 131, 126, 1, 35, 8, 1, 24, 18, 107, 6, 2, 5, 23, 7, 92, 7, 26, 11, 1, 34, 14, 21, 37, 203, 45, 4, 6, 1, 2, 2, 12, 5, 24, 41, 9, 116, 8, 7, 6, 25, 3, 5, 6, 7, 15, 3, 6, 95, 11, 5, 4, 1, 0, 1, 3, 34, 16, 0, 6, 2, 4, 1, 4, 4, 22, 57, 1, 225, 13, 15, 4, 32, 5, 3, 3, 1, 7, 1, 12, 2, 9, 11, 1, 3, 3, 1, 2, 21, 1, 6, 17, 1, 11, 1, 4, 1, 3, 5, 0, 5, 1, 4, 6, 2, 6, 11, 3, 7, 2, 9, 1, 7, 3, 4, 5, 9, 6, 0, 7, 2, 2, 6, 5, 8, 4, 9, 4, 2, 69, 106, 4, 157, 2, 17, 2, 3, 13, 4, 4, 5, 15, 14, 4, 8, 6, 32, 11, 17, 4, 6, 9, 1, 19, 2, 0, 3, 4, 3, 3, 1, 0, 0, 1, 5, 3, 1, 4, 2, 7, 3, 1, 5, 7, 4, 116, 14, 4, 1, 0, 4, 3, 2, 5, 5, 1, 4, 0, 2, 1, 0, 1, 0, 6, 2, 5, 5, 0, 1, 0, 8, 2, 0, 2, 1, 5, 2, 7, 7, 9, 6, 3, 8, 9, 1, 6, 16, 9, 0, 11, 7, 0, 2, 3, 7, 0, 4, 4, 5, 0, 1, 0, 3, 22, 5, 6, 2, 39, 3, 49, 8, 6, 8, 0, 8, 2, 2, 1, 35, 3, 10, 4, 3, 2, 1, 0, 7, 83, 81, 4, 89, 6, 8, 3, 6, 22, 7, 5, 12, 24, 4, 40, 20, 56, 34, 5, 43, 26, 8, 22, 85, 39, 16, 20, 12, 18, 0, 8, 41, 20, 32, 14, 4, 1, 1, 7, 71, 48, 12, 3, 4, 65, 5, 89, 98, 8, 4, 0, 4, 7, 2, 5, 90, 17, 6, 3, 0, 4, 0, 1, 6, 2, 29, 3, 158, 1, 0, 1, 1, 7, 1, 0, 3, 11, 2, 7, 10, 6, 3, 1, 2, 3, 8, 1, 21, 37, 2, 5, 2, 9, 1, 11, 8, 9, 15, 2, 6, 1, 6, 12, 3, 3, 4, 8, 12, 2, 7, 6, 7, 9, 1, 1, 7, 4, 1, 4, 11, 3, 5, 1, 1, 0, 2, 2, 3, 3, 14, 1, 32, 5, 3, 0, 11, 6, 2, 2, 3, 5, 1, 1, 2, 2, 5, 1, 2, 9, 0, 7, 23, 4, 4, 11, 4, 3, 3, 3, 5, 7, 1, 1, 0, 3, 1, 3, 5, 4, 2, 1, 18, 114, 2, 29, 64, 3, 5, 1, 3, 14, 3, 13, 51, 2, 0, 1, 5, 0, 2, 2, 2, 3, 1, 8, 10, 6, 7, 11, 7, 4, 4, 7, 6, 0, 11, 17, 2, 4, 3, 5, 3, 1, 7, 2, 25, 31, 14, 1, 10, 7, 4, 9, 1, 4, 9, 2, 0, 2, 2, 0, 8, 122, 0, 0, 10, 124, 4, 8, 60, 14, 17, 1, 5, 4, 4, 12, 19, 1, 5, 4, 15, 1, 1, 16, 4, 1, 13, 10, 11, 12, 2, 1, 26, 29, 6, 6, 2, 113, 4, 9, 3, 14, 14, 6, 11, 5, 3, 22, 31, n
87, 20, 51, 64, 9, 10, 25, 51, 43, 20, 2, 60, 1, 1, 2, 112, 5, 5, 7, 2, 2, 7, 8, 43, 6, 4, 2, 1, 2, 2, 8, 23, 37, 3, 9, 3, 11, 2, 5, 10, 79, 36, 29, 95, 3, 4, 10, 68, 16, 8, 5, 2, 4, 4, 3, 13, 9, 2, 3, 1, 0, 5, 11, 35, 39, 1, 7, 12, 13, 2, 3, 10, 15, 15, 3, 8, 1, 7, 4, 11, 11, 11, 1, 4, 14, 8, 17, 1, 12, 11, 0, 3, 7, 0, 0, 9, 33, 5, 3, 14, 6, 3, 5, 7, 101, 171, 1, 110, 3, 7, 14, 33, 4, 1, 1, 1, 10, 4, 15, 11, 16, 4, 2, 12, 6, 8, 16, 32, 12, 0, 3, 2, 0, 3, 5, 2, 6, 2, 1, 22, 7, 2, 3, 3, 24, 1, 0, 7, 9, 5, 11, 13, 6, 16, 1, 0, 7, 3, 2, 7, 1, 1, 2, 0, 1, 0, 5, 1, 5, 1, 4, 6, 1, 1, 1, 9, 5, 1, 3, 1, 3, 1, 8, 8, 3, 5, 3, 12, 1, 2, 6, 21, 28, 2, 4, 7, 2, 0, 2, 9, 11, 9, 2, 14, 1, 3, 5, 9, 85, 8, 9, 1, 52, 7, 20, 38, 15, 11, 4, 0, 9, 3, 3, 7, 9, 1, 15, 5, 2, 3, 10, 0, 26, 125, 13, 115, 5, 5, 24, 95, 33, 18, 10, 14, 74, 10, 41, 50, 15, 2, 3, 55, 40, 24, 24, 171, 144, 19, 9, 6, 32, 7, 39, 42, 28, 18, 7, 13, 2, 2, 10, 172, 25, 5, 9, 11, 93, 3, 111, 26, 0, 10, 2, 10, 3, 5, 8, 25, 11, 1, 4, 3, 1, 0, 9, 12, 15, 34, 13, 38, 9, 1, 11, 3, 8, 0, 1, 1, 15, 0, 8, 17, 1, 3, 1, 2, 13, 1, 4, 23, 32, 2, 0, 15, 5, 0, 5, 5, 6, 1, 4, 4, 2, 3, 5, 8, 9, 3, 5, 7, 15, 14, 5, 4, 11, 6, 12, 12, 1, 14, 3, 8, 18, 4, 1, 4, 4, 1, 11, 1, 125, 81, 0, 56, 1, 6, 2, 37, 3, 3, 3, 3, 21, 0, 10, 4, 5, 5, 1, 4, 2, 1, 1, 16, 23, 0, 3, 4, 1, 2, 10, 2, 5, 9, 1, 12, 4, 3, 0, 10, 79, 2, 9, 6, 111, 7, 9, 128, 16, 11, 4, 16, 15, 16, 27, 82, 14, 14, 8, 11, 12, 8, 9, 19, 8, 10, 2, 3, 6, 1, 5, 8, 9, 0, 1, 0, 2, 2, 4, 0, 6, 6, 2, 13, 5, 2, 2, 8, 38, 3, 3, 14, 13, 3, 4, 5, 3, 4, 3, 2, 3, 4, 2, 23, 67, 3, 7, 3, 188, 17, 101, 93, 12, 8, 1, 3, 3, 9, 2, 32, 9, 6, 3, 15, 2, 6, 5, 4, 97, 144, 2, 91, 9, 3, 20, 49, 94, 2, 7, 9, 63, 5, 79, 84, 2, 16, 4, 27, 38, 39, 49, 202, 117, 24, 58, 39, 32, 4, 33, 53, 14, 8, 7, 8, 0, 1, 3, 41, 8, 2, 6, 2, 0, 9, 39, 127, 5, 6, 2, 3, 2, 4, 3, 56, 26, 5, 20, 5, 4, 2, 9, 2, 6, 64, 12, 161, 0, 8, 2, 9, 4, 2, 3, 3, 5, 3, 6, 5, 18, 8, 0, 6, 2, 7, 8, 15, 39, 6, 19, 5, 8, 2, 13, 3, 19, 6, 3, 15, 1, 4, 5, 5, 7, 8, 4, 5, 19, 4, 11, 12, 2, 2, 1, 4, 1, 5, 2, 2, 42, 3, 5, 2, 2, 7, 1, 11, 135, 119, 8, 121, 8, 1, 8, 20, 4, 1, 2, 3, 4, 4, 5, 7, 8, 9, 1, 5, 3, 1, 8, 8, 18, 4, 6, 2, 13, 1, 2, 8, 4, 9, 1, 4, 2, 1, 3, 4, 42, 5, 7, 6, 21, 9, 113, 149, 1, 2, 1, 5, 1, 2, 3, 51, 1, 2, 2, 2, 0, 0, 0, 2, 0, 7, 1, 16, 3, 2, 2, 0, 5, 1, 3, 1, 1, 3, 9, 26, 6, 8, 0, 9, 2, 10, 2, 62, 27, 1, 12, 10, 5, 1, 6, 6, 1, 3, 0, 0, 2, 1, 1, 3, 17, 4, 13, 5, 30, 12, 24, 26, 11, 5, 2, 6, 1, 12, 5, 46, 36, 3, 1, 13, 4, 1, 5, 12, 301, 196, 1, 93, 14, 5, 21, 19, 94, 7, 2, 0, 18, 7, 6, 34, 52, 75, 5, 27, 20, 36, 0, 137, 24, 1, 19, 20, 21, 1, 2, 28, 17, 21, 12, 34, 0, 3, 1, 68, 21, 9, 15, 9, 13, 3, 87, 50, 12, 7, 3, 0, 1, 5, 4, 4, 4, 1, 4, 0, 2, 3, 1, 8, 10, 106, 3, 247, 8, 2, 4, 47, 4, 2, 4, 6, 0, 2, 4, 12, 16, 5, 2, 1, 5, 9, 4, 16, 27, 7, 3, 8, 8, 3, 8, 2, 2, 10, 1, 9, 1, 3, 12, 0, 8, 4, 11, 8, 0, 5, 4, 10, 10, 3, 3, 9, 3, 0, 4, 0, 12, 4, 8, 3, 8, 1, 6, 0, 69, 254, 5, 148, 6, 2, 2, 10, 11, 1, 3, 2, 3, 1, 8, 6, 2, 4, 4, 11, 7, 6, 5, 23, 10, 7, 11, 3, 1, 0, 15, 4, 6, 2, 2, 4, 4, 1, 2, 0, 32, 12, 5, 7, 81, 2, 217, 28, 5, 1, 4, 2, 11, 10, 11, 19, 7, 11, 12, 9, 12, 8, 10, 5, 7, 14, 1, 14, 3, 1, 2, 11, 0, 2, 0, 3, 4, 1, 20, 0, 1, 0, 2, 1, 1, 9, 0, 2, 51, 3, 2, 13, 11, 1, 11, 4, 5, 1, 1, 2, 0, 2, 2, 14, 161, 15, 8, 5, 269, 0, 133, 60, 2, 1, 2, 6, 3, 6, 8, 2, 25, 10, 6, 2, 9, 2, 7, 5, 72, 17, 5, 3, 2, 9, 0, 19, 132, 20, 2, 4, 180, 5, 89, 41, 5, 7, 12, 42, 41, 49, 20, 152, n
105, 20, 27, 35, 12, 9, 2, 46, 39, 56, 1, 5, 5, 11, 6, 63, 28, 7, 8, 15, 15, 1, 18, 16, 13, 11, 2, 7, 8, 8, 0, 71, 28, 3, 10, 5, 3, 0, 3, 8, 1, 7, 12, 432, 3, 3, 12, 62, 7, 3, 1, 1, 4, 2, 1, 15, 12, 5, 3, 9, 5, 2, 5, 66, 4, 9, 1, 10, 10, 4, 5, 12, 1, 12, 5, 17, 1, 6, 2, 12, 3, 2, 2, 4, 23, 2, 3, 12, 1, 3, 3, 2, 10, 8, 2, 19, 8, 3, 8, 2, 9, 2, 8, 12, 51, 30, 3, 80, 1, 8, 8, 74, 3, 0, 0, 0, 21, 4, 9, 4, 5, 2, 3, 0, 1, 3, 8, 27, 7, 1, 3, 2, 3, 4, 5, 2, 8, 13, 5, 15, 2, 4, 2, 10, 3, 0, 5, 5, 44, 3, 94, 2, 6, 1, 0, 2, 5, 5, 9, 31, 5, 3, 2, 1, 0, 1, 3, 0, 0, 1, 0, 11, 1, 0, 1, 2, 8, 2, 2, 1, 7, 4, 6, 4, 5, 3, 2, 7, 3, 0, 4, 46, 14, 13, 5, 5, 6, 0, 3, 9, 3, 3, 4, 5, 1, 0, 2, 12, 135, 4, 2, 1, 77, 20, 52, 1, 8, 5, 0, 3, 3, 4, 10, 16, 54, 5, 0, 0, 3, 4, 12, 9, 168, 52, 4, 7, 6, 2, 5, 46, 41, 18, 10, 1, 135, 12, 1, 18, 88, 3, 3, 15, 1, 8, 1, 161, 49, 0, 42, 54, 2, 8, 48, 165, 50, 18, 5, 62, 10, 6, 3, 249, 61, 5, 14, 10, 6, 6, 30, 219, 20, 6, 2, 2, 1, 12, 15, 179, 8, 3, 3, 7, 2, 0, 0, 1, 8, 66, 12, 37, 7, 2, 1, 53, 0, 0, 1, 3, 1, 0, 0, 4, 3, 2, 4, 6, 4, 3, 3, 51, 24, 9, 6, 5, 5, 1, 10, 17, 2, 39, 4, 0, 0, 4, 8, 22, 6, 7, 12, 10, 4, 14, 18, 6, 12, 9, 11, 8, 2, 13, 3, 28, 25, 2, 2, 4, 3, 2, 9, 11, 113, 558, 2, 105, 1, 27, 1, 20, 2, 4, 4, 2, 1, 4, 1, 3, 1, 15, 1, 3, 9, 10, 1, 30, 12, 4, 21, 11, 3, 2, 4, 13, 0, 12, 2, 1, 6, 1, 0, 13, 5, 1, 22, 6, 38, 1, 361, 49, 2, 1, 2, 3, 1, 3, 8, 9, 0, 4, 4, 4, 4, 4, 0, 4, 9, 8, 4, 4, 0, 1, 6, 3, 3, 1, 6, 1, 1, 1, 29, 0, 7, 1, 1, 8, 1, 1, 23, 17, 1, 3, 6, 2, 4, 1, 0, 5, 5, 8, 1, 7, 0, 0, 0, 8, 43, 8, 7, 13, 106, 9, 121, 39, 1, 0, 0, 5, 0, 1, 8, 36, 46, 2, 7, 9, 9, 3, 1, 10, 45, 177, 6, 33, 20, 2, 1, 36, 194, 1, 9, 2, 21, 3, 31, 60, 74, 21, 5, 8, 10, 49, 8, 26, 85, 11, 15, 4, 4, 3, 7, 6, 34, 14, 11, 93, 5, 3, 4, 203, 35, 5, 9, 2, 21, 1, 45, 141, 12, 10, 3, 15, 1, 5, 10, 27, 18, 9, 5, 11, 4, 3, 4, 4, 21, 75, 5, 235, 2, 5, 5, 97, 3, 2, 9, 3, 4, 2, 6, 8, 20, 6, 1, 8, 2, 0, 8, 37, 3, 5, 7, 1, 3, 1, 7, 2, 2, 6, 2, 3, 0, 5, 7, 10, 9, 8, 7, 9, 1, 10, 4, 0, 1, 2, 4, 8, 4, 4, 5, 0, 8, 11, 10, 8, 1, 5, 3, 1, 111, 303, 8, 174, 20, 12, 5, 36, 6, 2, 4, 1, 4, 2, 10, 1, 12, 20, 2, 9, 12, 1, 1, 2, 11, 6, 1, 5, 5, 2, 1, 3, 4, 5, 5, 7, 1, 1, 2, 10, 29, 5, 7, 6, 15, 5, 33, 5, 2, 0, 0, 12, 7, 1, 2, 9, 3, 3, 2, 4, 2, 2, 0, 4, 0, 3, 1, 10, 1, 3, 1, 11, 1, 1, 1, 1, 4, 1, 1, 7, 12, 1, 2, 5, 13, 2, 1, 23, 0, 2, 1, 5, 0, 2, 5, 10, 9, 12, 3, 4, 3, 0, 0, 9, 94, 7, 9, 15, 37, 5, 23, 12, 11, 2, 1, 14, 3, 5, 1, 0, 34, 5, 9, 5, 10, 1, 3, 1, 143, 108, 4, 52, 6, 3, 0, 13, 142, 4, 5, 17, 86, 4, 62, 39, 21, 7, 4, 7, 30, 4, 28, 168, 182, 20, 17, 4, 4, 1, 2, 18, 90, 39, 2, 13, 7, 3, 10, 160, 86, 3, 2, 7, 48, 2, 44, 36, 20, 18, 2, 6, 8, 7, 8, 84, 17, 1, 5, 1, 4, 0, 6, 4, 22, 159, 5, 425, 6, 3, 19, 66, 3, 1, 3, 0, 2, 3, 15, 14, 17, 3, 1, 2, 4, 7, 10, 8, 14, 4, 11, 7, 4, 2, 3, 4, 8, 15, 8, 7, 4, 5, 6, 8, 12, 0, 11, 7, 6, 7, 7, 18, 8, 2, 3, 6, 4, 5, 3, 2, 33, 4, 2, 4, 12, 3, 9, 1, 67, 376, 7, 466, 22, 6, 9, 21, 9, 2, 2, 0, 14, 1, 9, 2, 17, 3, 0, 3, 12, 0, 11, 22, 25, 1, 16, 8, 1, 1, 1, 1, 9, 11, 2, 12, 3, 0, 4, 8, 19, 8, 10, 18, 161, 4, 381, 25, 6, 9, 3, 10, 1, 0, 5, 3, 0, 1, 0, 4, 1, 0, 2, 1, 2, 3, 1, 1, 1, 0, 1, 0, 3, 0, 4, 0, 3, 2, 3, 5, 6, 2, 1, 2, 3, 7, 6, 4, 19, 8, 1, 4, 10, 0, 0, 3, 14, 12, 1, 7, 3, 0, 2, 3, 16, 21, 7, 12, 497, 5, 367, 14, 3, 4, 3, 8, 4, 5, 3, 13, 85, 15, 1, 14, 2, 2, 10, 16, 269, 80, 14, 69, 17, 3, 15, 100, 217, 10, 10, 11, 51, 12, 50, 63, 175, 70, 0, 29, 58, 1, 53, 171, n
23, 24, 74, 6, 13, 14, 51, 3, 35, 27, 0, 60, 3, 13, 13, 327, 9, 3, 1, 20, 66, 1, 25, 116, 4, 1, 1, 7, 3, 6, 19, 43, 19, 11, 12, 8, 17, 9, 8, 1, 21, 85, 31, 748, 2, 3, 6, 149, 1, 5, 3, 1, 6, 5, 7, 8, 4, 3, 6, 1, 5, 4, 4, 1, 52, 5, 22, 7, 10, 1, 18, 5, 5, 8, 1, 10, 1, 1, 4, 6, 20, 4, 2, 4, 35, 5, 13, 14, 2, 1, 4, 6, 7, 7, 2, 12, 38, 1, 3, 4, 2, 1, 5, 7, 40, 170, 9, 322, 8, 8, 3, 7, 6, 3, 2, 1, 25, 5, 8, 10, 6, 7, 0, 2, 5, 4, 1, 9, 10, 1, 2, 11, 2, 2, 3, 3, 11, 13, 4, 6, 1, 5, 4, 15, 20, 3, 8, 5, 100, 1, 146, 27, 2, 4, 2, 2, 2, 14, 11, 49, 3, 2, 1, 3, 3, 0, 5, 0, 1, 6, 2, 22, 2, 0, 1, 8, 1, 2, 4, 2, 9, 1, 8, 1, 3, 2, 2, 16, 7, 4, 3, 62, 29, 7, 4, 2, 7, 0, 4, 6, 4, 6, 5, 1, 1, 1, 3, 6, 221, 1, 9, 3, 424, 32, 319, 126, 13, 14, 4, 6, 11, 10, 3, 55, 28, 1, 5, 4, 5, 6, 6, 0, 158, 14, 1, 52, 2, 4, 7, 32, 110, 19, 5, 2, 299, 10, 103, 19, 56, 14, 6, 36, 40, 65, 23, 173, 65, 28, 8, 25, 14, 9, 13, 45, 15, 71, 6, 47, 0, 4, 9, 122, 23, 0, 14, 18, 53, 8, 177, 419, 0, 7, 1, 6, 4, 3, 3, 75, 11, 0, 5, 5, 2, 1, 11, 5, 26, 93, 17, 90, 13, 10, 8, 2, 11, 3, 2, 1, 16, 5, 11, 20, 4, 7, 2, 3, 4, 6, 2, 42, 26, 5, 1, 1, 6, 0, 16, 2, 16, 19, 3, 7, 2, 3, 2, 7, 14, 5, 9, 7, 0, 10, 21, 7, 13, 8, 12, 11, 1, 14, 4, 12, 1, 5, 5, 9, 1, 0, 0, 7, 249, 342, 7, 160, 10, 22, 7, 49, 3, 1, 1, 0, 0, 1, 6, 9, 1, 11, 0, 5, 1, 2, 5, 55, 8, 1, 2, 5, 3, 0, 1, 4, 11, 10, 3, 6, 7, 1, 1, 6, 48, 0, 22, 18, 27, 8, 424, 246, 7, 4, 2, 4, 10, 7, 9, 56, 1, 0, 3, 1, 4, 0, 0, 4, 9, 7, 4, 1, 4, 2, 12, 1, 7, 5, 5, 2, 2, 6, 12, 20, 5, 6, 4, 11, 5, 8, 7, 44, 12, 6, 3, 13, 2, 1, 3, 0, 16, 14, 1, 1, 3, 2, 1, 1, 19, 2, 6, 3, 11, 7, 37, 84, 9, 12, 2, 2, 3, 6, 2, 1, 7, 4, 3, 9, 3, 7, 9, 6, 349, 342, 1, 86, 1, 17, 18, 59, 164, 3, 2, 0, 1, 4, 24, 3, 43, 39, 6, 43, 26, 60, 35, 346, 51, 5, 39, 30, 4, 4, 10, 19, 3, 3, 0, 35, 2, 2, 7, 43, 0, 0, 2, 5, 4, 2, 108, 45, 1, 3, 6, 6, 11, 0, 2, 34, 9, 6, 3, 5, 2, 1, 4, 6, 15, 127, 8, 304, 5, 8, 6, 24, 2, 1, 4, 2, 6, 0, 1, 1, 16, 3, 0, 11, 2, 4, 2, 25, 29, 0, 23, 7, 12, 1, 6, 5, 1, 5, 3, 19, 2, 4, 6, 2, 5, 7, 3, 6, 16, 5, 10, 0, 5, 4, 1, 3, 1, 3, 3, 9, 21, 3, 9, 2, 3, 8, 0, 1, 55, 382, 12, 328, 8, 9, 9, 11, 11, 0, 3, 2, 3, 2, 8, 9, 8, 25, 6, 8, 3, 4, 8, 15, 11, 1, 7, 5, 7, 0, 8, 5, 10, 6, 3, 6, 2, 1, 1, 6, 45, 5, 9, 8, 57, 3, 277, 159, 13, 8, 0, 4, 5, 7, 7, 43, 8, 3, 1, 1, 1, 1, 0, 1, 2, 1, 3, 4, 1, 4, 1, 2, 2, 0, 2, 1, 2, 0, 1, 1, 1, 12, 0, 2, 1, 3, 8, 54, 47, 5, 9, 7, 6, 0, 8, 0, 1, 11, 2, 4, 5, 2, 1, 4, 153, 5, 18, 1, 167, 0, 160, 63, 11, 4, 0, 3, 6, 6, 13, 55, 74, 11, 6, 6, 1, 3, 7, 7, 131, 2, 3, 100, 9, 0, 12, 60, 114, 9, 32, 4, 123, 5, 102, 49, 177, 31, 7, 39, 60, 19, 34, 213, 88, 21, 14, 23, 1, 0, 5, 25, 13, 8, 5, 85, 1, 0, 5, 169, 30, 8, 8, 3, 23, 3, 24, 14, 9, 8, 1, 4, 0, 9, 2, 14, 14, 1, 8, 12, 4, 1, 1, 2, 16, 83, 7, 293, 2, 3, 5, 81, 16, 5, 4, 3, 10, 1, 0, 7, 7, 1, 6, 1, 8, 7, 9, 35, 33, 6, 6, 2, 9, 2, 7, 2, 1, 4, 1, 5, 1, 4, 7, 0, 2, 0, 6, 7, 5, 7, 7, 11, 2, 1, 1, 10, 5, 1, 4, 4, 48, 1, 12, 2, 3, 3, 7, 3, 119, 110, 17, 151, 8, 4, 1, 48, 15, 0, 1, 3, 3, 3, 2, 8, 8, 6, 11, 6, 2, 7, 0, 5, 1, 9, 7, 6, 6, 3, 1, 1, 11, 3, 8, 9, 1, 2, 5, 0, 26, 4, 2, 15, 99, 6, 128, 47, 15, 4, 3, 2, 3, 7, 5, 26, 7, 1, 1, 5, 0, 0, 1, 1, 8, 4, 3, 7, 3, 1, 1, 10, 6, 0, 1, 3, 3, 1, 8, 1, 18, 4, 2, 13, 1, 12, 3, 24, 38, 3, 4, 2, 6, 1, 10, 1, 4, 12, 1, 3, 0, 2, 1, 8, 150, 2, 2, 0, 259, 8, 146, 11, 28, 14, 1, 6, 5, 10, 7, 0, 94, 8, 10, 8, 13, 2, 0, 2, 246, 131, 6, 85, 7, 10, 18, 41, 360, 20, 6, 5, 180, 1, 60, 38, 297, 76, 11, 95, 62, 77, 22, 309, n
